0.010010
0.009907
0.008174
0.008188
0.008209
0.008248
0.008248
0.083791
0.083091
0.055016
0.053970
0.056076
0.055716
0.055716
0.717505
0.711595
0.440438
0.460240
0.450422
0.451184
0.451184
6.062413
6.015939
3.614906
3.546138
3.559736
3.541422
3.541422
53.497971
53.503380
32.219555
32.152031
32.039589
32.165199
32.165199
0.008271
0.008074
0.008112
0.008156
0.008192
0.008297
0.008224
0.055484
0.055460
0.055494
0.055565
0.055531
0.055620
0.054109
0.447956
0.455826
0.461912
0.443104
0.450540
0.459430
0.455542
3.565764
3.564293
3.521381
3.564087
3.512562
3.593075
3.596638
32.268688
32.741444
31.386803
31.523952
32.037430
31.508228
32.367676
0.008145
0.008254
0.008132
0.008572
0.008125
0.008230
0.008227
0.055320
0.055705
0.055947
0.054589
0.055476
0.055711
0.053628
0.460645
0.449425
0.451710
0.456532
0.454078
0.446061
0.440419
3.503703
3.588835
3.599218
3.502050
3.593522
3.585251
3.591191
32.125214
31.776340
31.429390
31.730165
32.148159
32.037453
32.212551