0.009149
0.008352
0.008175
0.008946
0.008589
0.009053
0.009112
0.009230
0.009161
0.009172
0.008364
0.009175
0.009217
0.008157
0.009341
0.009260
0.009154
0.008905
0.009371
0.008355
0.009183
0.009209
0.008892
0.009177
0.009083
0.008556
0.008476
0.008402
0.009205
0.009078
0.008243
0.009134
0.009001
0.008940
0.009159
0.008095
0.008161
0.008367
0.009231
0.009226
0.009118
0.009134
0.008177
0.008404
0.009047
0.009186
0.009176
0.008386
0.009152
0.009056
0.008954
0.009015
0.008242
0.008570
0.009260
0.009210
0.008184
0.009046
0.008222
0.009168
0.009241
0.009060
0.009156
0.008585
0.008174
0.008578
0.008229
0.009185
0.009156
0.009285
0.009180
0.009099
0.008265
0.009196
0.009049
0.009182
0.009179
0.008545
0.009218
0.008581
0.009039
0.009205
0.009078
0.008957
0.008986
0.009023
0.008570
0.008162
0.009168
0.009234
0.008948
0.008917
0.009225
0.008192
0.009174
0.008298
0.009210
0.008412
0.008962
0.008183
