0.063263
0.056110
0.062519
0.062467
0.064225
0.063754
0.059238
0.062551
0.063728
0.064546
0.059334
0.062789
0.057282
0.064361
0.055436
0.063649
0.063717
0.063595
0.065468
0.064287
0.056226
0.062767
0.063598
0.063042
0.055881
0.062392
0.060473
0.056723
0.063728
0.062730
0.062470
0.062497
0.063803
0.055509
0.063856
0.064251
0.064331
0.057185
0.063781
0.062339
0.055351
0.064166
0.062715
0.059312
0.059358
0.059555
0.063416
0.062713
0.063985
0.056686
0.064125
0.059287
0.062326
0.062782
0.056079
0.063395
0.063626
0.055737
0.061990
0.057171
0.055636
0.059480
0.062486
0.057132
0.064089
0.064547
0.057137
0.056078
0.055349
0.062539
0.062334
0.064229
0.063798
0.063452
0.064005
0.063448
0.064443
0.055829
0.062573
0.056803
0.063226
0.063689
0.062404
0.065018
0.064054
0.055774
0.063514
0.063727
0.062579
0.055513
0.062567
0.064348
0.056099
0.059362
0.056313
0.062665
0.059372
0.063705
0.055422
0.063514
