0.008902
0.008696
0.008830
0.008780
0.008794
0.008680
0.008949
0.008754
0.008737
0.008741
0.008658
0.008789
0.008682
0.008683
0.008629
0.008699
0.008906
0.008696
0.008756
0.008750
0.008753
0.008607
0.008846
0.008859
0.008548
0.008768
0.008841
0.008761
0.008613
0.008648
0.008599
0.008776
0.008630
0.008648
0.008670
0.008754
0.008642
0.008717
0.008658
0.008721
0.008602
0.008555
0.008694
0.008590
0.008630
0.008647
0.008679
0.008691
0.008879
0.008635
0.008657
0.008643
0.008780
0.008646
0.008746
0.009052
0.008876
0.008576
0.008617
0.008860
0.008766
0.008773
0.008725
0.008591
0.008783
0.008783
0.008693
0.008789
0.008684
0.008865
0.008723
0.008744
0.008697
0.008741
0.008530
0.008634
0.008745
0.008725
0.008699
0.008749
0.008727
0.008788
0.008654
0.008704
0.008736
0.008716
0.008743
0.008805
0.008731
0.008563
0.008776
0.008672
0.008617
0.008777
0.008570
0.008703
0.008620
0.008610
0.008717
0.008633
