3.695596
3.591247
3.592519
3.753982
3.792543
3.666400
3.824196
3.716812
3.657800
3.683852
3.650685
3.625015
3.652155
3.693905
3.731610
3.634224
3.621416
3.671188
3.663201
3.597533
3.638246
3.615541
3.666942
3.653924
3.678992
3.577331
3.726461
3.741771
3.743613
3.660041
3.764494
3.769228
3.774100
3.773486
3.672801
3.681906
3.738956
3.736117
3.657180
3.767501
3.722660
3.699312
3.649019
3.628452
3.644263
3.646740
3.703465
3.732316
3.761864
3.701890
3.653962
3.791367
3.742735
3.799383
3.682110
3.697898
3.703028
3.737340
3.658896
3.581987
3.707765
3.729941
3.641931
3.769095
3.690348
3.660037
3.674566
3.790664
3.632381
3.602070
3.704688
3.669984
3.674519
3.668151
3.652786
3.674775
3.722162
3.713204
3.590948
3.612713
3.679217
3.744629
3.611960
3.654061
3.714690
3.741507
3.667792
3.615173
3.638818
3.660567
3.737836
3.661790
3.696677
3.623077
3.611692
3.617790
3.702718
3.745286
3.643342
3.725914
