0.461519
0.463455
0.463673
0.471601
0.469408
0.463462
0.460143
0.473070
0.469569
0.463760
0.470441
0.473507
0.469556
0.460410
0.466937
0.473000
0.466285
0.463499
0.471626
0.463781
0.466581
0.468027
0.470119
0.463474
0.466141
0.472369
0.459926
0.465527
0.473415
0.470243
0.457380
0.463276
0.465157
0.473728
0.464477
0.468345
0.462958
0.459260
0.468967
0.466122
0.465240
0.464970
0.466311
0.465617
0.472216
0.470956
0.469869
0.467838
0.453279
0.459230
0.459192
0.471347
0.470381
0.463305
0.469864
0.479858
0.470688
0.463481
0.466882
0.464768
0.458796
0.472468
0.479168
0.466662
0.462166
0.465503
0.467964
0.470270
0.465770
0.465108
0.478709
0.471589
0.472315
0.464431
0.473209
0.460694
0.477429
0.470585
0.470650
0.471410
0.459148
0.464845
0.470308
0.458222
0.464559
0.472882
0.465085
0.460291
0.473270
0.471097
0.460829
0.469412
0.463369
0.453804
0.463203
0.466253
0.460141
0.459657
0.453301
0.470705
