3.684567
3.493763
3.519780
3.576392
3.701004
3.656605
3.473253
3.669931
3.688966
3.639865
3.663687
3.707889
3.508468
3.566458
3.709391
3.704878
3.511201
3.775597
3.666491
3.541980
3.690238
3.716206
3.559080
3.634655
3.636454
3.701559
3.639033
3.481795
3.633878
3.643714
3.648238
3.638192
3.690979
3.696746
3.675760
3.677884
3.695308
3.646120
3.439874
3.573737
3.569702
3.514612
3.468222
3.718044
3.653080
3.698093
3.462070
3.685281
3.667362
3.694610
3.656728
3.659864
3.610298
3.670349
3.680979
3.699894
3.561545
3.669879
3.554555
3.476317
3.509810
3.647315
3.708908
3.666169
3.649332
3.696744
3.476047
3.592110
3.549854
3.474913
3.508331
3.603221
3.676634
3.702453
3.647377
3.508811
3.676523
3.558487
3.495508
3.627679
3.700040
3.558137
3.464421
3.566672
3.695687
3.483075
3.675805
3.479606
3.486882
3.487312
3.697653
3.603220
3.625614
3.674060
3.683568
3.483155
3.477870
3.660781
3.691097
3.604260
