0.083992
0.081980
0.082423
0.081839
0.082140
0.081352
0.079651
0.083110
0.081492
0.081970
0.080132
0.079723
0.083542
0.081846
0.083730
0.081151
0.083814
0.081918
0.082893
0.079295
0.081962
0.083699
0.084857
0.082654
0.081798
0.081575
0.067533
0.081483
0.083427
0.081495
0.081039
0.084049
0.081563
0.079374
0.079819
0.079436
0.075546
0.080467
0.082951
0.084514
0.081422
0.080653
0.084584
0.081198
0.081765
0.080887
0.083600
0.082432
0.081573
0.084380
0.083670
0.083915
0.083218
0.080717
0.080713
0.081200
0.080639
0.083696
0.080540
0.083354
0.081093
0.083916
0.082315
0.080171
0.081459
0.080634
0.083469
0.081794
0.082390
0.083746
0.080208
0.083968
0.080286
0.079083
0.079293
0.080787
0.078855
0.080317
0.083465
0.080764
0.081180
0.083285
0.082370
0.082459
0.083576
0.081932
0.081019
0.080508
0.081621
0.082378
0.081536
0.082591
0.083211
0.083475
0.083317
0.081641
0.081449
0.079036
0.080441
0.080710
