32.468921
31.993210
32.016931
31.863780
32.509518
31.961268
32.037604
32.051663
32.484917
32.237893
32.034264
31.932162
32.001319
31.904276
32.124043
31.939103
32.407600
32.172614
32.827077
32.292137
32.182558
32.838041
32.175428
32.575650
32.229976
32.351124
31.571305
32.328554
32.346243
32.007188
32.653502
32.091675
32.490063
32.083309
32.434044
32.103463
31.892528
32.564294
32.560927
32.122068
32.454826
31.966966
32.523342
32.671387
32.401819
32.039020
32.265904
32.148246
31.928240
32.355073
31.830794
31.783926
32.324049
31.526336
32.148731
32.245710
32.651124
32.003081
32.573242
31.985031
32.074795
32.052843
32.297409
31.946862
32.000024
32.866218
32.030765
31.894123
31.982054
32.470580
32.079616
32.000006
32.849652
32.456378
32.643654
32.597236
32.034009
32.084998
31.983996
31.605848
31.820267
32.497496
32.579095
32.535820
32.055232
32.898337
32.491137
32.329520
32.392528
32.818020
32.698757
32.468883
31.624085
32.523820
32.372998
32.525768
31.965313
32.335427
32.807121
32.209966
