0.069352
0.070705
0.068005
0.069947
0.060463
0.063457
0.068072
0.068381
0.069922
0.062146
0.067462
0.068532
0.066057
0.066006
0.068124
0.068486
0.069987
0.062961
0.067610
0.069028
0.069115
0.069422
0.068952
0.067844
0.063356
0.070440
0.068643
0.062156
0.068905
0.063667
0.068169
0.068314
0.063584
0.068948
0.067168
0.062282
0.068278
0.069270
0.069124
0.068347
0.069314
0.069251
0.070896
0.062197
0.070749
0.062171
0.069245
0.068340
0.068549
0.067271
0.067984
0.067859
0.070578
0.063662
0.070171
0.062565
0.068654
0.067741
0.069111
0.069550
0.069254
0.067027
0.063596
0.069428
0.066989
0.069568
0.062443
0.069783
0.063972
0.068546
0.070273
0.070602
0.068400
0.068158
0.068792
0.067272
0.069975
0.068372
0.068511
0.068411
0.069410
0.063753
0.069028
0.069635
0.069798
0.068132
0.070068
0.059689
0.070166
0.062409
0.070258
0.068278
0.069218
0.066788
0.062488
0.069892
0.066609
0.062369
0.069426
0.067464
