0.058419
0.058214
0.059969
0.057504
0.059602
0.057845
0.058175
0.058691
0.059090
0.059499
0.058868
0.057054
0.059187
0.057049
0.060271
0.059227
0.058003
0.060299
0.060172
0.059553
0.057556
0.058836
0.057863
0.059723
0.057896
0.057916
0.059586
0.058523
0.058387
0.058147
0.058773
0.058660
0.057714
0.058030
0.058845
0.058091
0.059460
0.059171
0.058427
0.058971
0.058123
0.058173
0.058439
0.058951
0.057728
0.058261
0.060294
0.058505
0.058780
0.057982
0.058061
0.058350
0.057444
0.058546
0.060169
0.060132
0.058718
0.059289
0.058100
0.059193
0.060236
0.057229
0.057323
0.058229
0.059059
0.057366
0.059152
0.059187
0.058691
0.058368
0.058089
0.058229
0.058283
0.058759
0.057482
0.058294
0.058354
0.058062
0.059341
0.058371
0.057950
0.058538
0.059027
0.058389
0.057560
0.058623
0.058731
0.059132
0.058707
0.057948
0.057978
0.057585
0.059227
0.059048
0.058092
0.057276
0.059656
0.058256
0.058460
0.058406
