0.008659
0.008574
0.008766
0.008747
0.008795
0.008650
0.008861
0.008644
0.008694
0.009752
0.008746
0.008579
0.008598
0.009183
0.008638
0.008667
0.008723
0.008740
0.008666
0.008800
0.008672
0.008661
0.008770
0.008843
0.008773
0.008667
0.008767
0.008747
0.008727
0.008696
0.008725
0.008695
0.008772
0.008820
0.008683
0.008701
0.008760
0.008636
0.008709
0.008698
0.008761
0.008770
0.008882
0.008756
0.008814
0.008747
0.008761
0.008833
0.008725
0.008723
0.008748
0.008535
0.008826
0.008705
0.008898
0.008760
0.008611
0.008634
0.008667
0.008753
0.008752
0.008741
0.008627
0.008813
0.008779
0.008704
0.008738
0.008704
0.008767
0.008799
0.008713
0.008763
0.008862
0.008723
0.009082
0.008752
0.008656
0.008695
0.008699
0.008832
0.008566
0.008786
0.008622
0.008736
0.008695
0.008681
0.008822
0.008750
0.008647
0.008596
0.008572
0.008628
0.008739
0.008725
0.008845
0.008620
0.008700
0.008675
0.008666
0.008704
