41.381248
39.398319
40.364926
39.558047
40.326772
42.596301
38.621293
38.009616
39.953197
42.442488
39.041295
42.882474
42.028616
42.565401
41.147564
41.198742
42.503832
41.255211
42.494230
41.515273
41.019413
41.571284
42.829193
42.031724
41.075734
42.582176
41.991886
41.439656
36.612470
37.166834
37.202479
37.341939
37.632823
37.228671
36.952066
37.432951
36.466621
37.146338
37.200873
36.758162
36.670742
36.587339
37.104539
36.798663
34.520448
36.992680
37.543913
34.348102
37.124563
33.524344
37.277373
36.562374
33.492786
37.242722
37.507027
33.405417
36.399690
37.679343
37.163729
53.487286
33.607153
36.620104
37.253498
36.694786
36.410195
37.292898
36.270411
34.412072
36.877605
36.421405
33.385020
37.317595
36.784212
33.862578
36.694189
36.578525
37.240149
37.173160
37.266859
37.390209
34.295222
36.612610
50.919828
36.795459
35.996126
36.432649
37.662773
37.847217
34.055896
36.625921
37.190296
37.357127
34.409588
36.867819
37.961830
34.470915
37.803141
36.514519
37.227317
37.216306
