0.009684
0.009970
0.010009
0.010096
0.009799
0.009401
0.009258
0.009062
0.009804
0.009656
0.009815
0.009976
0.009161
0.009954
0.009146
0.009187
0.009848
0.009533
0.010056
0.010054
0.009979
0.009960
0.010185
0.009866
0.010006
0.010237
0.009159
0.010180
0.009678
0.009036
0.009800
0.010160
0.009287
0.009805
0.009291
0.009140
0.009167
0.009965
0.009898
0.010136
0.009322
0.009942
0.010133
0.009155
0.009809
0.010059
0.009906
0.009845
0.009844
0.009647
0.009282
0.009853
0.010027
0.010011
0.009282
0.010126
0.009144
0.009916
0.009108
0.010055
0.010212
0.010133
0.009748
0.010165
0.009648
0.009254
0.009810
0.009097
0.009974
0.009861
0.009329
0.009272
0.009319
0.009697
0.009925
0.010108
0.010070
0.009273
0.009848
0.009659
0.009312
0.009152
0.009620
0.010029
0.009924
0.010076
0.010022
0.009865
0.009796
0.009302
0.009112
0.009701
0.009676
0.010150
0.009869
0.009315
0.010141
0.009112
0.010211
0.009971
