0.009901
0.009936
0.009940
0.009966
0.009956
0.009939
0.009974
0.009958
0.009949
0.009950
0.009944
0.009947
0.009955
0.009947
0.009962
0.009923
0.009950
0.009950
0.009951
0.009947
0.009963
0.009971
0.009934
0.009969
0.009947
0.009931
0.009963
0.009948
0.009961
0.009967
0.009954
0.009941
0.009967
0.009913
0.009972
0.009952
0.009946
0.009946
0.009951
0.009947
0.009972
0.009974
0.009941
0.010059
0.009947
0.009965
0.009948
0.009932
0.009945
0.009980
0.009960
0.009946
0.009935
0.009916
0.009940
0.009965
0.009951
0.009957
0.009943
0.009937
0.009946
0.009948
0.009941
0.009948
0.009963
0.009936
0.009960
0.009934
0.009946
0.009910
0.009943
0.009930
0.009967
0.009975
0.009967
0.009946
0.009934
0.009941
0.009931
0.009941
0.009941
0.009920
0.009930
0.009953
0.009960
0.009938
0.009941
0.009942
0.009938
0.009927
0.009944
0.009950
0.009934
0.009931
0.009932
0.009936
0.009938
0.009941
0.009948
0.009937
