31.639959
32.663394
31.371066
32.125884
31.267405
31.968362
32.150512
32.444216
32.520169
32.285320
32.510063
32.029358
32.102862
31.970647
31.301461
31.636276
32.256226
31.938193
32.377296
32.057138
32.519254
32.382312
32.712029
32.206116
31.384054
48.258937
32.705448
48.347567
32.134419
32.288312
31.695914
32.388518
32.723822
31.370159
32.224008
32.125678
32.626273
31.647495
32.217182
48.051347
31.952361
32.526879
32.296148
31.915480
32.275999
32.470603
31.883826
32.198107
31.700598
31.647252
32.048782
31.328792
31.941818
31.369355
31.354724
31.624929
47.678744
32.844899
32.031305
31.677403
32.229764
47.835716
31.945680
46.546969
32.299793
31.279707
31.579673
31.849951
31.999724
32.333564
31.978617
31.230525
32.670619
32.635757
32.569777
47.690682
47.707469
32.406108
31.243051
31.952222
32.656513
48.800846
32.277568
32.154059
31.318221
31.344209
32.653886
32.330087
31.899969
32.757411
32.611765
32.299780
31.889330
32.501317
32.361134
32.023137
32.496322
32.513836
31.324842
31.739380
