0.061026
0.058089
0.058758
0.058956
0.058480
0.058278
0.058479
0.058628
0.058779
0.058732
0.058988
0.058655
0.058807
0.058878
0.058398
0.059035
0.059986
0.058898
0.059008
0.059146
0.059010
0.057386
0.057391
0.057631
0.058292
0.059161
0.058199
0.059326
0.057601
0.057460
0.058789
0.056826
0.058995
0.059880
0.057843
0.057993
0.058123
0.057506
0.060041
0.058428
0.059051
0.058593
0.058033
0.058275
0.058819
0.057581
0.059190
0.058973
0.059306
0.058542
0.058656
0.058676
0.058894
0.057805
0.058716
0.058511
0.058041
0.058162
0.059060
0.058363
0.058382
0.058962
0.058604
0.058321
0.057637
0.058453
0.059794
0.058483
0.059333
0.058151
0.058750
0.058996
0.059009
0.058032
0.059224
0.058792
0.058779
0.057485
0.057944
0.058844
0.057390
0.059451
0.058335
0.059864
0.058258
0.059213
0.057991
0.057899
0.057649
0.057489
0.058125
0.059026
0.058432
0.059635
0.058732
0.059355
0.058715
0.060757
0.058507
0.058644
