0.711406
0.725008
0.717884
0.711764
0.771975
0.711451
0.835813
0.711185
0.711224
0.711203
0.838362
0.711691
0.711514
0.709718
0.712799
0.711410
0.711477
0.711385
0.830625
0.711586
0.711362
0.837255
0.711116
0.711589
0.712733
0.711569
0.841885
0.711538
0.711598
0.793472
0.711575
0.711527
0.711602
0.711523
0.711460
0.711166
0.746593
0.758976
0.712148
0.711795
0.711459
0.852147
0.711457
0.711407
0.711736
0.711485
0.711732
0.709392
0.711432
0.711414
0.709425
0.711869
0.711547
0.711532
0.712120
0.742620
0.711305
0.780545
0.711341
0.819105
0.711266
0.842256
0.711564
0.856464
0.712450
0.711208
0.711188
0.711319
0.709653
0.833432
0.711971
0.711303
0.709646
0.711556
0.711476
0.812746
0.711295
0.711161
0.773791
0.711658
0.711391
0.797660
0.711392
0.711511
0.760706
0.857920
0.711378
0.711896
0.712260
0.711666
0.712011
0.712222
0.711536
0.711409
0.711677
0.711552
0.711419
0.711548
0.711569
0.711397
