4.089845
4.017685
3.564254
3.623820
3.673194
4.017057
4.041040
3.921912
4.093024
3.589197
3.986574
3.778277
3.970815
3.981440
4.031617
4.027142
3.721183
4.070533
3.994910
4.093333
4.024988
4.098898
3.778417
3.567388
3.596361
4.041571
4.070024
4.033773
3.626428
3.773583
4.017107
3.604038
4.040249
4.075469
3.939687
4.076865
4.056144
3.690046
4.031472
4.011464
4.030135
3.571049
4.077387
3.982754
3.982525
4.048807
4.074055
3.796766
3.917021
3.745156
3.648683
3.558819
3.965541
3.650910
4.037409
3.603431
4.087893
4.002071
4.097283
3.558962
3.663366
3.576524
3.948485
3.982064
4.048645
3.974837
3.639387
3.585139
3.987952
4.070060
3.558525
3.780125
4.021290
3.916047
3.986380
3.932160
3.775457
3.650569
3.760198
3.541831
4.091915
3.795386
3.546189
4.075413
3.796620
4.039408
3.656997
3.635442
3.999193
3.789551
3.961566
3.620594
3.953854
4.084683
3.969422
3.975741
3.946165
4.114694
3.638567
3.590610
