3.686654
3.742243
3.737180
3.814220
3.696729
3.794884
3.738137
3.672815
3.758933
3.683556
3.811227
3.754079
3.768254
3.643576
3.727713
3.694607
3.682821
3.665259
3.620991
3.675471
3.754335
3.732869
3.808060
3.741005
3.738632
3.741984
3.731288
3.708990
3.681362
3.736071
3.756337
3.728046
3.723139
3.722983
3.686582
3.752915
3.639188
3.694893
3.787572
3.761299
3.754597
3.761249
3.738239
3.731906
3.752573
3.658124
3.688246
3.790126
3.766471
3.807796
3.706699
3.693240
3.751916
3.738521
3.705624
3.772897
3.694683
3.751608
3.703097
3.691746
3.696134
3.684408
4.425300
3.750774
3.747879
3.701236
3.747588
3.768949
3.767360
3.807396
3.746820
3.714202
3.688908
3.696867
3.646882
3.720864
3.717165
3.769279
3.689108
3.777015
3.794865
3.685679
3.758871
3.856133
3.688001
3.683711
3.744825
3.746089
3.637714
3.733644
3.760074
3.755685
3.741992
3.687938
3.753418
3.749592
3.763883
3.641004
3.690520
3.671570
