0.007564
0.007183
0.007399
0.007442
0.007570
0.007281
0.007473
0.007574
0.007191
0.007539
0.007926
0.007323
0.007358
0.007584
0.007184
0.007543
0.007567
0.007196
0.007579
0.007731
0.007201
0.007647
0.007598
0.007554
0.007480
0.007583
0.007470
0.007540
0.007567
0.007287
0.007585
0.007703
0.007469
0.007400
0.007174
0.007431
0.007303
0.007540
0.007533
0.007145
0.007510
0.007557
0.007471
0.007582
0.007458
0.007476
0.007456
0.007472
0.007270
0.007571
0.007587
0.007129
0.007256
0.007487
0.007509
0.007463
0.007207
0.007459
0.007198
0.007443
0.007597
0.007488
0.007180
0.007770
0.007581
0.007170
0.007553
0.007320
0.007366
0.007237
0.007378
0.007561
0.007194
0.007217
0.007155
0.007700
0.007167
0.007456
0.007533
0.007276
0.007181
0.007133
0.007134
0.007573
0.007457
0.007219
0.007374
0.007445
0.007556
0.007168
0.007489
0.007319
0.007136
0.007159
0.007547
0.007561
0.007555
0.007476
0.007320
0.007579
