0.467406
0.465341
0.468876
0.464204
0.472583
0.455557
0.472209
0.449978
0.459341
0.454898
0.543198
0.561211
0.554411
0.463426
0.470420
0.466853
0.471853
0.463708
0.455241
0.457083
0.469099
0.448686
0.464804
0.459406
0.466043
0.462202
0.473256
0.456848
0.455253
0.460535
0.477319
0.465674
0.449969
0.454024
0.462985
0.472929
0.460076
0.460426
0.461448
0.471850
0.467815
0.472640
0.460775
0.458259
0.459169
0.453997
0.467810
0.463060
0.455216
0.455334
0.465077
0.456064
0.466461
0.463441
0.478485
0.519888
0.468344
0.454743
0.467266
0.469247
0.472331
0.473609
0.477271
0.462369
0.456327
0.464033
0.474973
0.465665
0.469586
0.473594
0.450023
0.466752
0.458214
0.469195
0.528186
0.449155
0.519747
0.473774
0.461772
0.464029
0.456610
0.466621
0.456346
0.464205
0.467871
0.457699
0.472945
0.465924
0.467247
0.463096
0.466479
0.451342
0.466748
0.461586
0.460375
0.463914
0.455484
0.450359
0.458451
0.516597
