0.083055
0.083317
0.083062
0.083050
0.083085
0.083031
0.083097
0.083076
0.083084
0.083039
0.083223
0.083017
0.083068
0.083134
0.083066
0.083118
0.083097
0.083069
0.083092
0.083068
0.083093
0.083089
0.083074
0.083106
0.083095
0.083086
0.083016
0.083171
0.083125
0.083023
0.083029
0.083046
0.083058
0.083127
0.083043
0.083056
0.083054
0.083111
0.083105
0.083070
0.083055
0.083068
0.083090
0.083035
0.083032
0.083085
0.083011
0.083071
0.083106
0.083063
0.083066
0.083013
0.083085
0.083056
0.083149
0.083102
0.083105
0.083072
0.083102
0.083021
0.083110
0.083121
0.083115
0.083033
0.083085
0.083107
0.083063
0.083033
0.083032
0.083129
0.083095
0.083110
0.083092
0.083099
0.083104
0.083088
0.083079
0.083094
0.083107
0.083093
0.083163
0.083042
0.083048
0.083103
0.083110
0.083152
0.083050
0.083093
0.083103
0.083046
0.083082
0.085443
0.083082
0.083111
0.083099
0.083057
0.083056
0.083117
0.083059
0.083095
