5.115517
4.839755
5.029244
4.934717
4.840279
5.021044
4.967166
4.929508
4.921509
4.930997
4.946221
5.010752
4.367100
4.966795
5.074116
4.923309
5.082858
4.990450
4.834438
4.955876
4.931929
4.464716
4.806143
4.442319
4.994855
4.452260
4.919784
5.065157
5.012413
4.972506
4.390180
5.111656
4.146858
5.060717
4.396955
5.072409
5.030523
4.917896
5.024395
4.464859
4.907242
4.164575
4.826401
4.084837
4.903453
4.895274
4.985277
4.937074
5.102479
5.025482
5.097865
4.909983
4.344643
5.118077
4.956329
4.988225
4.981722
4.946898
4.928535
5.096104
4.897668
4.960060
5.116419
5.093125
5.015465
4.980122
4.942273
4.923390
4.904208
4.911831
4.923631
5.024295
4.929597
4.880613
5.135919
5.101966
5.000770
4.885866
4.968389
4.986492
4.934934
5.010151
4.983216
4.939797
5.073368
4.825678
4.959895
4.990082
4.933856
4.924893
4.961330
4.929109
5.086833
4.901720
5.009675
5.088224
4.912933
4.936312
4.961226
5.101806
