5.985996
6.018835
6.014436
6.024356
6.005683
6.000645
6.020570
6.011871
5.987445
6.000993
6.002843
5.993543
5.997765
5.997336
5.981397
6.003159
6.011889
6.015506
5.996904
5.992672
6.009015
5.999153
6.019160
5.997399
6.000740
5.996291
5.983500
5.991838
5.985631
6.001297
5.989617
5.980091
5.989527
5.987861
5.994476
5.992645
5.995090
6.007176
6.008653
6.008214
6.010607
5.996250
6.003714
5.996094
5.998368
5.988002
6.002174
6.002102
5.985852
5.981346
6.006622
5.970103
5.984796
5.990344
5.996150
6.001639
6.004861
6.004525
6.007824
6.009195
5.989973
5.999058
6.009062
5.996888
6.002911
6.005616
5.999614
6.007554
5.992321
6.003264
6.011881
5.978096
6.000164
5.975898
5.974268
6.000924
5.998972
5.997558
5.997077
5.995065
5.998047
5.979271
6.002814
6.015749
5.988654
6.020130
6.004002
6.008451
5.993916
6.018338
6.002675
6.003314
6.001569
6.013937
5.989031
6.000361
6.001697
6.006202
5.986663
5.995073
