0.440400
0.458326
0.430775
0.453952
0.452476
0.431750
0.457655
0.433171
0.438038
0.452967
0.491369
0.457713
0.459607
0.441558
0.439898
0.457391
0.458564
0.458142
0.441548
0.458897
0.458343
0.457381
0.540614
0.537638
0.518991
0.542251
0.465294
0.543186
0.431344
0.457153
0.531425
0.505825
0.518705
0.534597
0.523700
0.457243
0.442414
0.430993
0.452394
0.463218
0.452821
0.439636
0.452398
0.452202
0.451432
0.458280
0.458235
0.429785
0.443251
0.429625
0.438446
0.474558
0.430918
0.539913
0.441703
0.460758
0.459029
0.457960
0.452073
0.458198
0.457324
0.451624
0.450535
0.456236
0.459084
0.452425
0.457746
0.451504
0.457685
0.457493
0.432303
0.438913
0.440776
0.458470
0.439579
0.456651
0.454939
0.439469
0.458665
0.429779
0.457235
0.453114
0.437360
0.457014
0.430139
0.459608
0.442534
0.459893
0.452898
0.448920
0.457001
0.527359
0.431427
0.450994
0.457636
0.466265
0.534041
0.523647
0.458169
0.458762
