40.557447
31.041416
31.114089
34.332030
34.905852
31.270199
43.356489
42.389723
38.182329
34.569936
32.155156
34.287622
30.997843
33.127769
34.810818
39.794303
30.969211
35.043787
35.887262
31.456397
33.878414
30.940944
31.235654
35.125862
34.348631
37.948317
31.061601
31.674274
31.123504
35.332722
34.571500
44.282647
40.720700
44.072003
43.863011
32.475344
35.139952
48.433462
45.913062
50.703817
47.660935
37.143380
32.467666
41.992985
31.481745
43.032070
38.691556
30.868852
31.046196
32.441754
31.629779
32.320993
34.120708
33.061355
33.804906
46.581064
34.655194
31.412588
45.968606
32.583650
32.830067
32.636883
33.125187
45.942674
30.694287
30.923006
34.126984
31.515066
41.482463
36.138826
45.589880
36.685812
34.881030
45.071619
44.199625
34.127227
34.927705
39.456371
42.514829
42.737714
36.940845
34.134862
34.261970
34.313302
30.888340
44.396988
32.553150
36.086382
34.574935
33.696106
34.469195
32.524166
34.295565
30.962316
44.127169
31.786031
41.523999
37.175293
31.116590
43.113382
