59.920570
66.236878
68.917395
52.951267
60.686039
70.865169
68.477164
55.915074
64.092919
64.146934
54.027453
53.728731
54.579093
58.575513
63.786432
59.049772
62.862500
68.919987
70.327832
71.235013
66.724989
56.590001
56.195977
56.473996
67.753927
66.767232
59.352657
66.297246
53.408785
57.675939
70.415184
70.176054
61.006479
58.681421
69.853699
58.678211
70.897624
61.938580
63.117622
58.174990
59.969996
59.189497
68.183086
52.638482
71.373949
70.343603
65.255150
67.922463
68.455824
67.717988
71.291112
52.709616
70.680721
61.620300
66.874491
59.376182
65.426987
58.104675
52.947222
70.033213
57.906076
52.943258
52.904733
52.934140
64.188086
52.943408
52.946189
52.952973
52.950172
69.780843
65.203339
52.944622
71.143824
52.954058
52.943031
52.957479
52.906460
70.158053
52.924324
52.801370
64.095011
65.718618
61.202072
71.410677
54.278679
62.988677
52.924238
69.101169
65.083084
60.969248
70.282377
70.929042
56.204302
54.338012
52.942835
59.351853
52.972062
58.618575
52.875601
69.305710
