0.509505
0.501794
0.448007
0.460029
0.499012
0.441269
0.456377
0.474660
0.446554
0.452374
0.498472
0.510341
0.460408
0.461024
0.514302
0.446277
0.454296
0.497460
0.511656
0.504390
0.478964
0.474938
0.448300
0.469748
0.501403
0.510698
0.454665
0.450120
0.505215
0.502787
0.505701
0.507275
0.437267
0.474258
0.499667
0.457257
0.499805
0.506518
0.443292
0.515539
0.445212
0.457290
0.447436
0.474321
0.485684
0.446480
0.515108
0.460298
0.501145
0.448160
0.473855
0.509099
0.511181
0.453759
0.506664
0.512969
0.441788
0.499181
0.511278
0.456654
0.445814
0.502046
0.511213
0.590253
0.511468
0.511284
0.451565
0.498380
0.501265
0.449144
0.507627
0.500793
0.504480
0.514484
0.445188
0.498734
0.508318
0.515477
0.512250
0.510412
0.509341
0.499275
0.507592
0.513720
0.515089
0.448212
0.580636
0.504936
0.498466
0.515943
0.508007
0.451422
0.510814
0.508370
0.511668
0.505049
0.507177
0.511854
0.471534
0.511427
