33.026183
32.914148
32.128844
32.818677
31.773960
31.963566
32.601370
33.215807
33.098495
33.563216
33.621644
32.662362
32.025816
33.126780
32.250156
32.972931
33.093698
33.544087
33.179428
33.123923
33.451826
31.816918
33.314188
32.309060
32.260444
33.127772
32.970352
32.168208
32.304490
32.838579
31.934731
32.300846
31.911431
33.418234
32.941634
32.641037
32.019640
32.940750
33.283722
33.396139
32.103025
33.379916
31.455012
33.275741
33.312540
32.082480
32.522421
32.924638
32.853284
31.592823
33.056053
32.892493
32.639146
36.168072
32.782154
32.073804
32.099828
33.232697
32.317616
33.493087
33.389475
33.373441
32.674387
32.982188
33.142611
31.958977
32.163564
33.309204
33.163099
32.966526
41.874699
33.160642
33.268606
33.289602
32.758369
33.456457
33.159571
33.137656
33.141774
31.793964
32.688772
33.406175
33.279092
33.185157
32.929629
32.302419
32.747233
33.649521
31.764476
32.021459
33.249028
32.883904
31.289154
32.672181
32.485036
33.565980
33.124003
32.854797
32.045843
33.219671
