4.389789
4.296475
4.361391
4.389757
4.295611
4.371003
4.417630
4.463447
4.237294
3.918204
4.406513
3.890485
4.370917
4.340069
4.339918
4.332897
4.365581
3.918755
4.368510
4.376908
4.374626
4.426593
4.447936
4.364213
3.901952
4.295432
4.372906
4.333180
3.899663
4.336931
4.491173
3.922040
4.353965
4.288204
4.260929
4.365411
4.276389
4.401803
4.374705
4.347519
4.418402
4.426233
4.415911
4.248908
4.331612
3.855448
3.899456
4.386614
3.902252
4.358925
4.363203
3.998377
4.370893
3.909685
4.140864
4.363378
4.320500
4.290013
4.373018
4.298141
4.369477
4.378644
3.908785
3.994450
4.016155
3.968666
4.235311
4.378589
3.965565
3.914724
4.337803
4.434899
4.337748
4.347639
4.446773
3.996954
4.460074
3.920893
3.937093
4.366918
4.396941
4.233238
4.360819
4.374369
4.383682
4.389290
4.376842
4.265241
4.246959
3.925509
4.443110
4.383369
4.314573
4.008379
4.403539
4.410076
3.910580
3.995148
4.373426
4.381915
