0.056070
0.054372
0.054246
0.051653
0.053065
0.055098
0.054191
0.054343
0.054800
0.055133
0.051649
0.055042
0.054213
0.051762
0.054253
0.054606
0.055238
0.051792
0.054211
0.054198
0.054312
0.054890
0.053081
0.053105
0.055283
0.052645
0.054969
0.052001
0.052690
0.053217
0.055021
0.054184
0.054784
0.054127
0.055001
0.055083
0.054093
0.054955
0.055003
0.051486
0.054086
0.054214
0.054947
0.051728
0.054408
0.054700
0.053095
0.053022
0.054317
0.051771
0.054045
0.051537
0.055134
0.051814
0.054712
0.053083
0.051523
0.051438
0.051935
0.054188
0.054999
0.052664
0.055183
0.051670
0.054262
0.051984
0.051787
0.055142
0.052625
0.051894
0.051718
0.051558
0.051564
0.052703
0.055096
0.051731
0.054733
0.052506
0.054200
0.055149
0.054887
0.052645
0.054147
0.055349
0.054973
0.054793
0.051464
0.054914
0.054889
0.053957
0.054898
0.051762
0.051898
0.056081
0.055002
0.053292
0.051605
0.054276
0.054974
0.051722
