34.196312
36.320905
37.109354
37.495742
37.328896
36.206204
37.342422
37.616331
36.355150
36.311953
35.989173
34.229056
37.987576
34.043654
37.431961
36.573318
36.980655
37.290990
37.872904
37.460405
36.893059
37.258470
36.011443
36.376404
37.525459
37.347661
37.241596
37.279248
36.992616
33.854112
37.420659
37.523890
37.318666
37.647870
37.270964
36.735812
34.708107
37.289136
40.056897
34.556042
36.183490
37.032421
37.073123
36.566348
37.577982
37.392854
36.392218
37.662239
37.199125
33.588241
37.578092
36.856987
37.510667
36.088955
33.711320
37.349342
36.713242
36.120223
37.254909
36.909407
36.600758
38.294813
36.387861
36.604408
37.481692
36.653978
37.961785
36.333547
36.521009
34.498664
36.745183
36.184992
36.689391
37.753793
34.460460
37.290419
33.585745
36.774665
36.656579
33.591091
37.093794
36.993549
37.855356
38.003212
37.087354
35.097283
36.993163
37.173801
35.476921
37.473408
36.551129
37.441838
34.118947
34.451669
37.387339
37.282052
36.542536
36.120643
33.608439
33.578664
