0.915404
0.891544
0.958979
0.933586
0.939031
0.951925
0.942100
0.940901
0.930686
0.922734
0.933169
0.945321
0.942357
0.933503
0.947275
0.951958
0.945155
0.954795
0.933996
0.941125
0.950415
0.930698
0.938162
0.947587
0.943213
0.942052
0.918320
0.921870
0.901057
0.958060
0.931342
0.945222
0.950664
0.935716
0.942327
1.027726
0.932100
0.934709
0.935857
0.927329
0.880530
0.935834
0.940604
0.925744
0.910492
0.933700
0.940751
0.920841
0.938235
0.928251
0.947967
0.912982
0.921934
0.935595
0.951385
0.913313
0.939328
0.946175
0.945438
0.958023
0.932114
0.950938
1.087478
0.922539
0.933151
0.942503
0.954569
0.947921
0.941471
0.934525
0.925627
0.938417
0.919864
0.912400
0.949199
0.943101
0.943091
0.937809
0.925091
0.916742
0.945508
0.947762
0.930101
0.931090
0.945516
0.951432
0.933423
0.933382
0.934506
0.934193
0.938083
0.941857
0.919301
0.953434
0.942749
0.939226
0.963352
0.954561
0.954927
0.943891
