0.058765
0.060250
0.058770
0.057805
0.057521
0.058407
0.059215
0.058618
0.058999
0.058811
0.060199
0.059534
0.059185
0.056836
0.058393
0.059473
0.057346
0.057504
0.057483
0.058682
0.058441
0.059399
0.059450
0.058221
0.058494
0.059473
0.058185
0.058393
0.060054
0.057975
0.058132
0.058153
0.058244
0.058840
0.058947
0.060204
0.059398
0.058264
0.059136
0.058914
0.058930
0.059545
0.058612
0.058905
0.058250
0.059370
0.057314
0.059047
0.059386
0.058823
0.059148
0.057670
0.058321
0.058363
0.059398
0.058217
0.059065
0.058583
0.059162
0.058026
0.058373
0.057803
0.058135
0.057415
0.059325
0.058048
0.058011
0.058143
0.058067
0.058081
0.058520
0.057959
0.060477
0.058930
0.059346
0.059531
0.060321
0.058956
0.058000
0.058705
0.058373
0.058427
0.058371
0.060052
0.058365
0.058046
0.058132
0.057484
0.058602
0.057973
0.058780
0.058192
0.057979
0.059007
0.060258
0.057118
0.058336
0.058753
0.057694
0.057882
