53.607604
53.558651
53.683200
53.690923
53.357223
54.314441
59.950950
53.360523
53.690327
56.035333
53.854345
53.792707
53.764707
53.731402
53.475148
53.723817
53.597915
53.662378
53.738862
53.652971
53.685482
53.777798
53.550978
53.670153
53.626906
53.555771
53.619512
66.461272
53.660322
56.522366
53.327718
53.659138
53.675559
53.695914
53.686920
53.716228
53.650279
53.803076
53.624462
53.718451
53.728394
53.677891
53.725918
53.340435
55.831999
53.316509
53.365883
59.398161
53.207931
59.341658
55.155905
57.902456
53.084043
54.465185
53.146368
54.432425
53.076709
64.080350
53.485055
68.547481
57.702626
53.224202
56.094830
57.360588
53.132127
64.282030
53.346702
57.564413
68.786423
53.214833
53.210713
53.140811
54.451775
55.950428
53.203524
55.610577
53.128741
53.293537
53.252125
54.577708
55.058258
53.193748
53.361403
53.266201
53.277667
53.325306
53.192732
53.337676
55.421546
53.490398
53.457361
64.740029
53.254682
53.348334
54.457302
53.315596
53.431423
54.296730
55.875633
64.142597
