0.926604
0.932161
0.949559
0.958925
0.942118
0.946075
0.941641
0.934049
0.948925
0.942239
0.937741
0.948383
0.945968
0.929851
0.950091
0.941276
0.944281
0.945431
0.955082
0.928735
0.942158
0.927960
0.939324
0.930783
0.920316
0.938427
0.935659
0.964878
0.938638
0.957937
0.946501
0.960429
0.921573
0.936709
0.950938
0.943852
0.948779
1.028554
0.948024
0.960574
0.952133
0.905511
0.943025
0.930728
0.952577
0.946831
0.952128
0.939843
0.934032
0.913554
0.934467
0.947000
0.945212
0.944211
0.952600
0.927063
0.939285
0.933604
0.924102
0.920561
0.935670
0.911296
0.935089
0.949490
0.950149
0.937641
0.941936
0.954636
0.941221
0.951140
0.944263
0.951558
0.943448
0.945664
0.932365
0.937741
0.917448
0.934363
0.942351
0.945733
0.953527
0.949736
0.923108
0.943381
0.939296
0.933659
0.935526
0.941763
0.927912
0.946983
0.935680
0.933034
0.939035
0.953503
0.944530
0.943069
0.936011
0.929145
0.939871
0.950692
