0.016829
0.016624
0.016690
0.016340
0.016392
0.016108
0.016873
0.015999
0.016425
0.016535
0.016560
0.016615
0.016470
0.016606
0.016330
0.016574
0.016748
0.016612
0.016100
0.016881
0.017127
0.016686
0.016584
0.016678
0.016503
0.016508
0.016880
0.016513
0.016753
0.016682
0.016438
0.016521
0.016710
0.016650
0.015941
0.016757
0.016302
0.016344
0.016560
0.016679
0.016475
0.016322
0.016892
0.015918
0.016318
0.016735
0.016458
0.016516
0.016812
0.016044
0.016573
0.016493
0.016667
0.017108
0.016231
0.016391
0.016671
0.016571
0.017085
0.015844
0.016260
0.016514
0.016526
0.016089
0.016559
0.016010
0.015888
0.016868
0.016820
0.016265
0.016472
0.016713
0.016429
0.016373
0.016404
0.016519
0.016510
0.016388
0.016603
0.016423
0.016836
0.016702
0.016197
0.016550
0.015259
0.016745
0.016943
0.016061
0.016333
0.017275
0.016238
0.016462
0.016088
0.016509
0.014596
0.016583
0.015447
0.016141
0.016483
0.016256
