49.078032
41.480217
47.521157
43.902832
43.697347
41.778938
55.944003
44.276863
45.274896
52.725673
44.522502
44.278363
56.213205
46.013915
32.135178
32.686511
31.971655
31.983941
33.100400
34.306324
32.267892
32.063845
31.506042
32.841925
33.790607
38.673289
42.671858
31.995208
32.685328
45.411535
32.359485
32.333448
31.946444
32.165877
32.633790
33.620808
42.700212
44.674206
31.790218
32.427923
32.155194
45.429558
31.788848
32.314384
31.437469
37.472509
36.560219
44.468902
33.502064
31.463605
32.180941
31.557456
31.824097
31.943352
31.533192
38.567297
31.421565
37.117961
32.436963
38.074699
32.294833
32.892059
32.593333
32.366667
41.929290
46.887214
35.098688
32.238309
41.275118
45.314253
42.501753
37.747289
38.263238
31.921081
31.905193
41.480304
39.697915
38.104916
36.188588
32.847520
32.126464
34.799576
31.315973
32.473756
39.001144
31.577902
33.291179
31.218365
43.962431
47.760128
32.027647
31.863993
37.022773
31.545473
31.526447
41.566639
31.638241
39.497956
42.425249
37.495478
