0.015840
0.016112
0.016143
0.016571
0.016210
0.016617
0.015668
0.016466
0.016380
0.016412
0.015941
0.016217
0.016891
0.016871
0.016730
0.016456
0.015484
0.015700
0.016383
0.014228
0.015353
0.016222
0.013917
0.016956
0.016526
0.016559
0.016619
0.016806
0.016401
0.016408
0.016278
0.016524
0.016568
0.016563
0.016647
0.016437
0.016501
0.016944
0.016965
0.016554
0.016229
0.016435
0.016500
0.016924
0.016346
0.016094
0.016143
0.016804
0.016702
0.016967
0.016596
0.016938
0.016305
0.016425
0.016239
0.016339
0.016401
0.016696
0.016747
0.016042
0.016330
0.016421
0.016531
0.016350
0.016261
0.016130
0.016092
0.016367
0.016938
0.016482
0.016231
0.015993
0.016387
0.015206
0.016384
0.016664
0.016160
0.016446
0.015270
0.016309
0.016822
0.016171
0.016252
0.016519
0.016159
0.016628
0.016765
0.016205
0.016644
0.016347
0.016517
0.016478
0.016216
0.016916
0.016475
0.016255
0.016912
0.016481
0.016484
0.016535
