53.587684
53.698850
53.774814
53.513881
53.635636
53.830053
53.643502
53.672534
53.612692
53.732292
53.641603
53.338276
53.766416
53.353892
54.477608
53.749498
53.600496
53.528599
53.515266
56.812732
53.165226
55.352634
54.053715
53.713728
53.603058
53.730325
53.489710
53.322252
60.725687
57.270840
53.579559
53.131462
53.354267
54.140478
53.370460
54.504971
67.337590
53.036341
54.533723
55.635629
54.641363
59.401208
53.666347
53.586777
54.843824
55.185652
55.546813
54.322103
53.342109
53.339966
53.432661
54.393480
56.119827
54.461126
53.298075
69.154023
53.738037
59.011746
55.818494
53.412600
53.231978
53.318043
53.342098
53.291509
53.765459
53.663716
53.833759
53.865620
53.890678
53.393862
60.034383
53.189880
54.274729
61.027839
68.996368
55.017181
56.279274
53.198305
54.549509
54.711501
70.359352
56.485145
53.156055
63.249292
53.745397
53.472485
57.748987
53.311009
53.715434
53.469502
53.741806
53.686774
53.834360
53.665730
53.716698
53.639868
54.379822
53.243713
53.207874
55.613793
