0.129464
0.127569
0.131609
0.129656
0.118674
0.114413
0.123107
0.123767
0.128646
0.120588
0.129825
0.122160
0.126918
0.130381
0.126185
0.132279
0.120382
0.121659
0.120659
0.129284
0.131592
0.124524
0.127989
0.122844
0.124540
0.124570
0.119984
0.132110
0.123598
0.130589
0.124351
0.131076
0.129471
0.121911
0.118197
0.121607
0.116365
0.131520
0.130410
0.130382
0.128254
0.122843
0.127938
0.119549
0.130057
0.120965
0.122508
0.129454
0.118824
0.112619
0.128903
0.130330
0.129030
0.131702
0.131949
0.125882
0.124962
0.120058
0.129953
0.129833
0.115058
0.124360
0.122718
0.122337
0.124702
0.127356
0.126020
0.130782
0.122726
0.130566
0.122028
0.129916
0.125829
0.129898
0.119805
0.117516
0.122126
0.130342
0.129967
0.132353
0.125706
0.118036
0.133311
0.130604
0.131293
0.131665
0.130213
0.124908
0.132181
0.125636
0.126999
0.129310
0.123022
0.127413
0.124699
0.130714
0.121954
0.121509
0.126625
0.126776
