0.008842
0.008724
0.008759
0.008676
0.008743
0.008719
0.008669
0.008699
0.008762
0.009209
0.008792
0.008793
0.008713
0.008839
0.008670
0.008664
0.008598
0.008612
0.008799
0.008719
0.008585
0.008662
0.008741
0.008883
0.008639
0.008728
0.008614
0.008681
0.008686
0.008734
0.008531
0.008766
0.008876
0.008693
0.008739
0.008648
0.008771
0.008764
0.008630
0.008860
0.008707
0.008715
0.008860
0.008845
0.008742
0.008644
0.008721
0.008696
0.008704
0.008640
0.008614
0.008518
0.008553
0.008927
0.008728
0.008547
0.008788
0.008784
0.008784
0.008779
0.008734
0.008815
0.008642
0.008623
0.008686
0.008736
0.008564
0.008714
0.008716
0.008697
0.008718
0.008741
0.009043
0.008780
0.008717
0.008832
0.008648
0.008725
0.008494
0.008745
0.008838
0.008630
0.008730
0.008800
0.008658
0.008531
0.008699
0.008728
0.008736
0.008659
0.008794
0.008797
0.008741
0.008665
0.008748
0.008790
0.008660
0.008810
0.008793
0.008800
0.008597
0.008697
0.008598
0.008705
0.008698
0.009338
0.008807
0.008769
0.008699
0.008770
0.008707
0.008757
0.008728
0.008700
0.008838
0.008652
0.008659
0.008614
0.008788
0.008622
0.008881
0.008722
0.008871
0.008740
0.008698
0.008662
0.008655
0.008814
0.008720
0.008731
0.008773
0.008675
0.008711
0.008827
0.008670
0.008576
0.008598
0.008671
0.008627
0.008829
0.008637
0.008595
0.008859
0.008801
0.008777
0.008675
0.008713
0.008741
0.008825
0.008682
0.008672
0.008653
0.008554
0.008820
0.008584
0.008717
0.008659
0.008791
0.008711
0.008656
0.008610
0.008725
0.008685
0.008617
0.008701
0.008714
0.008607
0.008741
0.008626
0.008732
0.008836
0.008717
0.008794
0.008706
0.008829
0.008648
0.008536
0.008564
0.008821
0.008752
0.008836
0.008853
0.008810
0.008568
0.008587
0.008619
0.008659
0.008541
0.008726
0.008663
0.008613
0.008619
0.008711
0.008774
0.008704
0.008775
0.008681
0.008775
0.008720
0.008768
