0.710112
0.737949
0.710695
0.709289
0.709728
0.710022
0.710236
0.710018
0.710116
0.709666
0.868071
0.709782
0.709902
0.821802
0.709928
0.864155
0.802669
0.710033
0.709843
0.817574
0.820567
0.711112
0.834131
0.863319
0.872603
0.709959
0.776856
0.709859
0.801239
0.761812
0.710159
0.823265
0.709846
0.816273
0.709898
0.780309
0.866639
0.709916
0.815671
0.813334
0.850675
0.711740
0.849262
0.852671
0.710681
0.856711
0.709603
0.805112
0.710035
0.763142
0.709865
0.796234
0.709789
0.845047
0.710480
0.801220
0.709974
0.710041
0.709923
0.710857
0.806919
0.791492
0.709999
0.709865
0.709744
0.727031
0.710040
0.830582
0.709602
0.802044
0.709907
0.710605
0.710244
0.710231
0.710222
0.709831
0.710620
0.710241
0.710053
0.709673
0.709816
0.709589
0.709939
0.709569
0.709994
0.709951
0.709844
0.709919
0.709787
0.709716
0.709617
0.709634
0.709960
0.709747
0.710031
0.709860
0.709971
0.709859
0.728180
0.709769
