3.639232
3.625332
3.570290
3.524715
3.546241
3.527664
3.604212
3.539666
3.556157
3.555340
3.622660
3.613360
3.594439
3.579719
3.529565
3.595353
3.569814
3.593750
3.621127
4.093423
3.611049
3.592726
4.115195
3.570926
3.774647
3.591678
3.583610
3.634420
4.775990
4.587298
3.634372
3.583048
3.575937
3.619589
3.827339
3.630443
3.603557
3.625548
3.608915
3.506687
3.550692
3.579367
3.507446
3.493526
3.571100
3.554162
3.624968
4.178576
3.633544
3.591008
3.595038
3.493919
3.547121
3.555537
3.536979
3.997505
3.799081
3.952853
4.447517
3.556307
3.589759
3.598395
3.565893
3.641660
4.167127
3.587328
3.608467
3.539113
3.641014
3.623063
3.539743
3.536603
3.601344
3.583544
3.619339
3.606043
3.519331
3.523098
3.581767
3.602197
3.553783
3.547379
3.646372
3.572530
3.623222
3.609046
3.560814
3.579440
3.522702
3.586609
3.589186
3.652068
3.541195
3.662772
3.517536
3.516299
3.542081
4.499921
3.500176
3.567326
