6.055788
5.956047
5.957252
7.226528
7.293644
5.960604
6.928960
7.434189
5.957803
7.387512
5.053879
5.495502
4.742708
6.080921
5.023173
5.722192
4.963911
4.956013
5.327111
5.146700
4.909143
4.955496
4.805776
5.766596
5.649048
4.671450
5.751601
5.187459
5.576719
5.255631
4.928384
5.534635
4.817194
5.553917
5.557010
4.965095
5.501794
5.265861
5.440155
5.138039
5.491355
4.919491
5.596929
5.483606
5.042580
4.923089
5.959703
5.323431
5.789022
4.909766
5.071543
4.864794
4.691182
5.448780
5.037413
5.478332
5.838119
4.953413
5.549588
5.285815
6.190194
6.227364
5.590422
4.966550
6.433622
5.730832
5.556218
5.671671
5.021283
5.794880
5.486859
5.221770
5.103016
5.726822
6.062275
5.468720
5.637340
5.598615
5.775295
4.500994
6.295079
5.893462
4.550904
4.792994
5.269012
5.648242
5.619833
5.908189
5.674742
5.541867
4.827366
5.222667
4.964119
4.576132
5.026829
5.208403
5.087364
4.963959
6.075927
5.524539
