53.620393
53.536583
53.638709
53.579667
53.561706
53.344376
53.715760
53.618818
53.320977
60.532674
67.005396
55.094896
53.237457
54.565476
53.829230
53.473015
53.181069
53.143341
53.746912
53.741028
53.642252
53.620204
53.741981
53.720637
53.394622
53.190731
53.293924
53.355396
53.541446
54.334926
53.704028
53.756842
53.698269
53.552376
53.729999
53.575516
53.756114
53.241064
53.198743
62.852234
52.990925
63.656525
54.101482
58.467914
53.140749
53.021215
53.138130
53.190003
54.485644
53.127760
54.189384
55.842247
53.062260
53.056544
53.038736
65.806705
53.234103
53.480972
53.504793
53.265957
55.830011
53.168049
53.326290
53.350473
53.105892
53.133652
57.918702
53.610050
53.508797
53.305090
58.877996
53.385306
56.314366
53.280794
53.740203
69.627272
52.853243
53.340886
64.160928
53.748109
54.548658
53.812245
53.409388
53.407054
53.250581
67.479854
54.062838
59.549499
56.488384
58.146717
53.206138
53.276222
54.705816
60.295511
54.973142
58.049933
63.026007
68.777183
62.084064
53.892343
