0.458276
0.465381
0.504300
0.463421
0.475695
0.452304
0.462166
0.462888
0.453198
0.460894
0.452838
0.461874
0.501161
0.436995
0.452358
0.464510
0.447871
0.453122
0.463959
0.458061
0.519624
0.439821
0.448879
0.452527
0.462556
0.459075
0.524821
0.452588
0.461973
0.456871
0.478516
0.451480
0.465205
0.469553
0.525293
0.555658
0.451297
0.451455
0.458733
0.454387
0.452337
0.466234
0.452043
0.453183
0.441714
0.473140
0.475265
0.436498
0.468245
0.449792
0.462278
0.466472
0.567271
0.472232
0.452930
0.452684
0.456188
0.437063
0.456109
0.460298
0.445613
0.453249
0.452007
0.465895
0.447982
0.470059
0.470204
0.451742
0.463624
0.447192
0.458480
0.450717
0.448171
0.445564
0.463707
0.465370
0.470320
0.482683
0.474549
0.453631
0.457979
0.461892
0.478537
0.466990
0.458861
0.464912
0.456450
0.457135
0.457729
0.461788
0.447969
0.459278
0.451508
0.470072
0.450520
0.457089
0.481776
0.465790
0.480673
0.460280
