0.082974
0.090743
0.083405
0.083365
0.082958
0.082941
0.082915
0.082929
0.083045
0.082938
0.082950
0.082867
0.082943
0.082922
0.083049
0.082919
0.082933
0.082880
0.082944
0.082906
0.082945
0.082912
0.083083
0.083049
0.082917
0.082998
0.082921
0.082926
0.082928
0.082940
0.082902
0.084766
0.082895
0.082882
0.082959
0.082946
0.082889
0.082906
0.082881
0.082914
0.082909
0.091038
0.082899
0.082898
0.082918
0.092573
0.083002
0.082886
0.082942
0.090767
0.082903
0.082911
0.082904
0.083006
0.083036
0.082881
0.082930
0.082918
0.082921
0.082923
0.082936
0.082919
0.082890
0.082887
0.082916
0.082891
0.082870
0.082934
0.082941
0.082967
0.082944
0.082915
0.082937
0.082902
0.082961
0.082954
0.083001
0.082930
0.082989
0.082905
0.082916
0.082965
0.082963
0.082939
0.082866
0.082909
0.082893
0.083092
0.082878
0.082925
0.082948
0.082943
0.082968
0.082983
0.082915
0.082909
0.082914
0.082970
0.082871
0.087494
