6.266212
6.273434
6.414048
6.291758
6.276619
6.087956
6.368180
6.104018
6.366611
6.396529
6.107178
6.375901
6.414602
6.312472
6.367659
6.311649
6.287056
6.286148
6.222880
6.701056
7.807478
6.362669
6.586588
6.245774
6.365885
6.745223
6.248113
6.305619
6.165608
6.617515
6.287767
6.780064
6.680701
6.069001
6.380493
6.285829
6.300589
6.263245
6.188343
6.233792
6.236254
6.945903
6.296831
6.259344
6.292358
6.181889
6.221600
6.795402
6.969992
7.399752
6.314902
6.359699
6.264856
6.351529
6.237549
6.292571
6.732138
7.465858
6.454610
7.609416
6.342023
6.305975
6.200013
6.208202
6.357977
6.106863
6.237627
6.001774
6.269702
6.256924
6.523155
6.241775
6.220868
6.379416
6.222500
6.555794
6.201202
7.012638
7.229714
6.236028
6.297710
6.289563
6.196993
6.079176
6.294323
6.378615
6.227306
6.175753
6.222162
6.949516
6.337031
6.213518
5.937422
6.242152
6.272020
7.070546
6.761695
6.062819
6.131830
6.194119
