0.054658
0.056804
0.056582
0.055887
0.056452
0.055486
0.054805
0.056501
0.055990
0.053963
0.055222
0.055615
0.055940
0.055811
0.055276
0.056975
0.056555
0.056566
0.057046
0.056538
0.056588
0.056410
0.055434
0.057040
0.055604
0.057272
0.055821
0.056947
0.054611
0.055178
0.055264
0.055480
0.057641
0.054812
0.055126
0.054431
0.054788
0.056284
0.056573
0.057730
0.056638
0.056028
0.055733
0.055737
0.057274
0.055680
0.055300
0.054877
0.054631
0.056768
0.055337
0.057507
0.056843
0.055776
0.056595
0.055643
0.056736
0.055776
0.055701
0.057594
0.054756
0.054074
0.053536
0.052559
0.055297
0.056603
0.056131
0.055378
0.055766
0.054729
0.056423
0.055131
0.055735
0.055825
0.055812
0.054572
0.055033
0.055971
0.055101
0.054188
0.056117
0.055836
0.053842
0.057783
0.055137
0.054241
0.054535
0.053528
0.052576
0.054143
0.055954
0.055021
0.052387
0.055060
0.054544
0.055728
0.055821
0.054259
0.055697
0.056046
