6.174995
6.404761
6.406231
6.412725
6.289498
6.091296
6.391227
6.280964
6.129093
6.415551
6.380790
6.367528
6.350961
6.423184
6.387779
6.417831
6.218879
6.346190
6.360251
6.217714
6.208434
6.436454
6.419239
6.415800
6.449505
6.376115
6.321427
6.396556
6.373658
6.422788
6.002970
6.358739
6.336360
6.296715
6.410613
6.264117
6.277695
6.094491
6.391586
6.359644
6.406864
6.440062
6.332334
6.420996
6.213384
6.428603
6.405062
6.726629
6.349956
6.309205
6.420887
6.430002
6.312067
6.342564
6.415192
6.139225
6.075013
6.363286
6.307124
6.676186
6.390314
6.332374
6.407667
6.419291
6.409548
6.444935
6.414808
6.430342
6.323333
6.421267
6.432476
6.357339
6.371751
6.420286
6.328296
6.410362
6.065706
6.071172
6.413499
6.442987
6.227067
6.436716
6.422173
6.379826
6.422617
6.453460
6.416610
6.432606
6.446346
6.137909
6.454428
6.454145
6.443393
6.112087
6.409809
6.411690
6.338092
6.869679
6.265549
6.374372
