0.120551
0.127666
0.126130
0.128006
0.123003
0.125809
0.131849
0.120765
0.120704
0.132092
0.129048
0.123590
0.119806
0.118601
0.119506
0.127220
0.131129
0.130011
0.131584
0.130110
0.128828
0.129365
0.130427
0.128848
0.121822
0.118975
0.131049
0.133036
0.127384
0.123032
0.129337
0.129597
0.128653
0.118877
0.132676
0.130886
0.123829
0.130228
0.133400
0.126815
0.130614
0.131625
0.129124
0.130543
0.132658
0.127596
0.118128
0.130895
0.127938
0.128632
0.121805
0.114562
0.128411
0.133164
0.123664
0.128213
0.121222
0.131433
0.128087
0.130595
0.126353
0.129887
0.128609
0.126210
0.132545
0.128583
0.130129
0.127429
0.130018
0.113388
0.123188
0.119696
0.121733
0.132414
0.125777
0.129016
0.130312
0.118846
0.131088
0.122477
0.122768
0.124636
0.125112
0.115719
0.129144
0.130137
0.131195
0.130835
0.127122
0.127979
0.120817
0.129302
0.130819
0.130188
0.128107
0.126882
0.126915
0.117229
0.125819
0.129258
