6.737048
6.272375
6.229599
6.815787
6.218091
6.321423
6.332841
6.158341
6.815702
7.720703
6.307786
6.520318
7.643447
6.199132
6.460820
6.347831
6.372461
6.252045
6.188682
6.162349
6.272963
6.091097
7.599213
6.239702
6.065056
6.225016
6.812815
6.369265
6.274379
6.060194
6.410743
6.390228
6.375435
7.291731
6.352126
6.368016
6.423250
6.327018
6.263034
6.406543
6.263645
6.415315
6.445274
6.425031
6.319001
6.433529
6.451983
6.369425
6.372253
6.443906
6.390966
6.404629
6.321808
7.009374
6.432468
6.210321
6.172789
6.409610
6.437695
6.286572
6.400520
6.429392
6.190258
6.382169
6.458361
6.412579
6.090651
6.414179
6.329521
6.330133
6.396582
6.341363
6.456283
6.396035
6.333282
6.299016
6.341592
6.418418
6.189843
6.305867
6.438378
6.434172
6.416974
6.078720
6.352080
6.286217
6.415489
6.340255
6.711471
6.194720
6.430214
6.392157
6.425534
7.116262
6.247892
6.208178
6.435915
6.031149
6.421244
6.398487
