0.009914
0.009918
0.009941
0.009939
0.009943
0.009920
0.009928
0.009919
0.009914
0.009924
0.009914
0.009929
0.009929
0.009928
0.009932
0.009928
0.009935
0.009924
0.009961
0.009932
0.009958
0.009944
0.009934
0.009950
0.009975
0.009948
0.009935
0.009945
0.009937
0.009932
0.009922
0.009949
0.009939
0.009945
0.009944
0.009931
0.009931
0.009928
0.009938
0.009947
0.009927
0.009953
0.009929
0.009938
0.009920
0.009937
0.009912
0.009950
0.009928
0.009904
0.009950
0.009919
0.009944
0.009925
0.009947
0.009945
0.009943
0.009945
0.009936
0.009938
0.009942
0.009937
0.009941
0.009903
0.009951
0.009945
0.009964
0.009928
0.009940
0.009929
0.009963
0.009927
0.009951
0.009940
0.009918
0.009931
0.009924
0.009944
0.009938
0.009934
0.009955
0.009939
0.009946
0.009923
0.009938
0.009956
0.009940
0.009950
0.009935
0.009927
0.009959
0.009926
0.009937
0.009972
0.009938
0.009939
0.009941
0.009944
0.009956
0.009939
