6.415003
6.234006
6.344683
6.345487
6.432886
6.402931
6.239290
6.328203
6.380467
6.392324
6.330666
6.211408
6.435241
6.381103
6.322562
6.337909
6.262581
6.416629
6.411583
6.345108
6.419230
6.477012
6.273013
6.264544
6.122300
6.198753
7.082317
6.209103
7.316217
6.434741
6.449840
6.265849
6.267144
6.266856
6.289181
7.728595
6.765046
7.085574
7.501006
6.146647
7.157128
6.233559
6.355869
6.360456
6.418340
6.348926
6.256064
6.681122
6.412398
6.380068
6.148335
6.366014
6.328281
6.304510
6.424131
6.175441
6.268598
6.441149
6.322056
6.396459
6.462880
6.383340
6.348366
6.407041
6.223036
6.425038
6.253689
6.258039
6.419368
6.321079
6.412679
6.339197
6.394036
6.361286
6.278784
6.157450
6.387233
6.356412
6.411512
6.405576
6.428714
6.417647
6.295851
6.399981
6.447480
6.417915
6.381552
6.225009
6.350422
6.356934
6.369117
6.418412
6.369427
6.312812
6.455094
6.350891
7.204433
6.401020
6.417944
6.208192
