0.935593
0.943710
0.918243
0.913866
0.931697
0.940035
0.939325
0.927441
0.941769
0.932382
0.950131
0.954256
0.940143
0.913811
0.943746
0.937013
0.915850
0.944008
0.947281
0.937368
0.946976
0.939610
0.911795
0.926424
0.925017
0.925700
0.898696
0.951030
0.953080
0.891866
0.948107
0.932332
0.952499
0.909829
0.942870
0.917329
0.948358
0.933285
0.909149
0.957121
0.949290
0.922423
0.938414
0.953530
0.958318
0.939197
0.958061
0.952717
0.898930
0.934317
0.957198
0.941604
0.945351
0.913793
0.941673
0.929900
0.956639
0.946225
0.939784
0.947439
0.953448
0.941184
0.929753
0.955848
0.933494
0.926504
0.949096
1.040613
0.935366
0.948345
0.958553
0.940645
0.953572
0.946710
0.955093
0.949696
0.954876
0.930852
0.952430
0.918829
0.924237
0.942961
0.932624
0.944769
0.937567
0.920812
0.942224
0.945132
0.917735
0.942384
0.948034
0.941959
0.964233
0.948037
0.950493
0.948711
0.937508
0.959906
0.903052
0.955862
