0.007509
0.007753
0.007507
0.007749
0.007417
0.007737
0.007576
0.007592
0.007495
0.007352
0.007528
0.007690
0.007740
0.007489
0.007736
0.007521
0.007479
0.007618
0.007535
0.007727
0.007483
0.007507
0.007508
0.007506
0.007691
0.007716
0.008163
0.007470
0.007524
0.007501
0.007635
0.007697
0.007401
0.007500
0.007719
0.007424
0.007721
0.007441
0.007737
0.007524
0.007500
0.007443
0.007581
0.007637
0.007838
0.007501
0.007576
0.007710
0.007778
0.007518
0.007710
0.007690
0.007516
0.007543
0.007435
0.007483
0.007422
0.007459
0.007746
0.007603
0.007508
0.007341
0.007492
0.007455
0.007342
0.007710
0.007500
0.007495
0.007452
0.007511
0.007530
0.007729
0.007519
0.007500
0.007614
0.007695
0.007504
0.007356
0.007496
0.007491
0.007352
0.007542
0.007495
0.007480
0.007517
0.007715
0.007337
0.007473
0.007658
0.007523
0.007402
0.007514
0.007620
0.007524
0.007578
0.007646
0.007664
0.007879
0.007798
0.007567
