32.110151
32.092840
31.779279
32.695077
31.952647
34.177936
43.831025
32.087511
32.382890
39.720413
37.779016
32.151977
34.587739
32.089989
32.486067
31.915371
31.935444
32.064945
37.430442
31.741333
40.818041
36.036917
31.820066
32.072400
46.359090
31.992128
32.205336
35.341580
42.219870
44.734761
36.451273
32.523616
32.662109
31.700838
31.726583
37.596279
38.449928
33.256409
35.532669
31.637090
32.448170
31.573230
38.811829
32.428675
33.232766
36.206292
39.770313
32.473086
32.312044
32.023496
35.911478
32.417006
31.943954
31.880948
31.870817
31.400695
32.595906
31.844381
40.527918
31.799380
32.419287
35.497315
41.890257
39.953213
32.219844
33.940995
31.872097
31.819849
31.453219
32.016104
32.341445
33.980107
32.530813
37.164870
31.857694
33.724164
33.331022
31.860969
36.080920
40.852289
31.994677
45.170096
32.205448
31.956249
41.041877
32.125135
33.155405
32.447028
35.155031
31.771089
46.258398
31.771048
46.039250
45.938975
32.002761
31.372902
35.356690
32.525194
31.666123
32.958226
