62.518577
53.275027
53.057013
55.547611
55.917939
56.526101
53.195711
53.181347
53.164975
53.276098
54.544714
59.019819
53.195980
54.557949
61.785206
53.148848
53.322524
53.219444
53.203045
53.228420
57.771834
55.734142
54.330494
58.177855
56.495714
53.456813
53.429063
53.306492
53.340790
54.453301
54.485051
54.281351
61.914391
63.716781
54.117445
54.681032
54.471403
53.304041
55.878866
55.913947
53.099829
53.143869
56.327215
59.995644
55.345877
65.828058
54.594793
54.318138
53.317719
53.307880
63.122741
54.501710
53.751525
53.520394
53.724515
53.582135
53.778371
53.785127
53.676437
53.698506
53.812227
53.479715
59.583452
57.643832
53.171741
54.612065
53.048636
53.163795
53.178148
67.060334
61.208835
53.737644
53.540624
53.432770
53.292756
53.340785
54.298294
53.348950
54.729731
53.175345
57.764696
53.346325
53.272020
53.308914
56.252404
53.350403
54.599294
58.842462
58.994506
54.713121
59.357614
53.113140
54.452976
53.275527
53.304730
60.265213
56.721084
53.353683
54.591169
61.796115
