32.314503
31.336961
32.492423
31.964452
31.493383
31.679733
31.974856
48.610822
32.201371
32.274302
31.707992
31.421578
31.923806
31.350660
31.339063
49.368823
32.056376
48.172155
31.286719
32.363887
32.006191
32.578806
32.273618
32.684074
31.828291
31.573594
32.515298
32.062889
32.144375
31.860612
31.888460
31.208215
32.579072
32.687417
32.187856
32.537358
47.652125
31.902421
32.022235
31.771755
31.814233
32.288533
31.882903
32.089801
32.100241
32.123936
32.599403
31.640102
31.865739
32.165751
31.525740
47.193284
31.073851
32.091517
31.794605
31.978088
32.686631
32.557364
32.770637
31.186919
31.802676
32.706863
31.164655
32.278219
32.717760
32.508471
32.546562
32.635974
32.645353
31.184605
46.521111
32.736088
31.530071
32.722768
32.203144
32.003588
32.537191
32.687889
46.265451
32.486959
31.451408
31.247116
33.203656
31.539312
32.583675
32.453409
32.166533
46.637416
48.202544
32.354622
31.781342
32.482511
31.884870
31.682265
32.330653
32.649910
31.869389
31.889772
31.227994
47.338985
