0.128397
0.131314
0.130135
0.127925
0.127925
0.133725
0.125261
0.129703
0.133439
0.133589
0.132879
0.129673
0.129116
0.127919
0.130162
0.133562
0.130516
0.132289
0.131790
0.127016
0.127866
0.129066
0.133410
0.129635
0.131082
0.129637
0.134098
0.131919
0.132226
0.131553
0.133304
0.130822
0.132615
0.126163
0.130045
0.129108
0.129541
0.130444
0.131387
0.132501
0.127454
0.129490
0.125966
0.126795
0.133284
0.117823
0.129235
0.128983
0.124826
0.131946
0.127675
0.133738
0.126787
0.126609
0.125878
0.120417
0.127609
0.130647
0.129455
0.130065
0.130086
0.131352
0.129352
0.122896
0.129087
0.131819
0.129403
0.134811
0.136394
0.131733
0.129226
0.131090
0.130088
0.134704
0.127487
0.131294
0.130465
0.132234
0.130353
0.131433
0.127373
0.133078
0.128407
0.128699
0.134396
0.130170
0.128141
0.130280
0.127887
0.125278
0.127965
0.128695
0.127674
0.127199
0.126140
0.129100
0.127401
0.127561
0.131795
0.123954
