0.945176
0.930268
0.935416
0.928638
0.921353
0.933103
0.941852
0.932723
0.936253
0.933004
0.939204
0.932225
0.939516
0.947769
0.953316
0.953936
0.906213
0.950566
0.952602
0.946142
0.944909
0.935698
0.946608
0.939133
0.922009
0.935216
0.949118
0.944476
0.948794
0.937323
0.934325
0.947419
0.943937
0.946208
0.951050
1.063746
0.951332
0.941449
0.940003
0.948472
0.963139
0.939777
0.939747
0.910863
0.932771
0.942396
0.952571
0.945637
0.931806
0.947468
0.955497
0.932651
0.955696
0.900797
0.938315
0.891197
0.932153
0.943844
0.913734
0.935854
0.936995
0.943744
0.951437
0.939982
0.932486
0.941143
0.949252
0.952248
0.942353
0.958208
0.948328
0.956151
0.953116
0.930376
0.917159
0.915843
0.923745
0.942611
0.934940
0.931946
0.940985
0.945189
0.906215
0.935661
0.949075
0.946993
0.949801
0.957523
0.926001
0.957178
0.922356
0.951903
0.926893
0.929376
0.935861
0.928867
0.949959
0.918779
0.937288
0.938446
