0.016604
0.016462
0.016399
0.016407
0.016719
0.016817
0.015929
0.016147
0.016731
0.016564
0.016351
0.017238
0.016875
0.016777
0.015927
0.016622
0.016184
0.017205
0.015707
0.016137
0.016091
0.016227
0.016541
0.016322
0.016391
0.016438
0.016558
0.016088
0.016187
0.015772
0.016216
0.016805
0.016496
0.017018
0.016636
0.016781
0.016213
0.016207
0.017604
0.016741
0.016157
0.016565
0.016251
0.016327
0.016811
0.016411
0.016284
0.016494
0.016024
0.016406
0.016165
0.016051
0.016273
0.016386
0.015887
0.016417
0.016351
0.016774
0.016181
0.016246
0.016619
0.016483
0.017064
0.016745
0.016483
0.016839
0.016029
0.016576
0.017083
0.016828
0.016146
0.016917
0.016700
0.016523
0.016669
0.016767
0.016755
0.016589
0.016484
0.016466
0.016087
0.016495
0.016476
0.016534
0.015967
0.016634
0.016665
0.016590
0.016787
0.017023
0.016295
0.016788
0.016467
0.016315
0.016362
0.017034
0.016193
0.016508
0.016373
0.016411
