0.461415
0.469133
0.446343
0.467035
0.462488
0.559433
0.460747
0.459358
0.460635
0.469898
0.471644
0.448970
0.459886
0.512619
0.449650
0.459715
0.471525
0.473985
0.471332
0.468594
0.460341
0.463550
0.462947
0.460582
0.486549
0.463990
0.459869
0.460086
0.455050
0.461042
0.466874
0.456252
0.467495
0.454078
0.463621
0.469058
0.466824
0.455742
0.461006
0.449652
0.477108
0.456987
0.477978
0.477268
0.551693
0.456320
0.478169
0.469343
0.461598
0.465291
0.464427
0.454832
0.467038
0.469435
0.454333
0.458802
0.463195
0.454596
0.448971
0.473527
0.467864
0.477731
0.477753
0.468343
0.463282
0.459605
0.456681
0.471516
0.472695
0.457019
0.463695
0.467472
0.449611
0.470509
0.461033
0.461747
0.452710
0.460675
0.464318
0.455046
0.479504
0.455081
0.454721
0.472162
0.467008
0.464190
0.544683
0.473126
0.466576
0.472008
0.456701
0.469479
0.464596
0.454777
0.470890
0.474877
0.467891
0.456936
0.469115
0.472784
