0.016744
0.016458
0.015149
0.016673
0.015783
0.016161
0.016576
0.016598
0.016742
0.015907
0.016699
0.014439
0.016532
0.016490
0.016682
0.016408
0.016374
0.016084
0.016357
0.016452
0.018056
0.016827
0.016631
0.016205
0.015816
0.016722
0.015242
0.016228
0.016775
0.015273
0.016194
0.015248
0.015728
0.014173
0.016764
0.016402
0.014894
0.016735
0.016390
0.015782
0.016575
0.016006
0.016508
0.015680
0.014312
0.016596
0.016403
0.016268
0.016272
0.016825
0.016632
0.016035
0.016397
0.015974
0.016555
0.016455
0.016766
0.015826
0.016407
0.016746
0.016647
0.016325
0.016680
0.016727
0.016456
0.016778
0.016771
0.016314
0.016749
0.016688
0.016430
0.016390
0.016854
0.016461
0.016332
0.016252
0.016688
0.016425
0.015031
0.015866
0.016277
0.016118
0.014048
0.016433
0.016432
0.016370
0.014259
0.016262
0.016702
0.016496
0.016369
0.016608
0.016702
0.016021
0.016264
0.016649
0.016970
0.014396
0.016360
0.016620
