0.134386
0.134351
0.133120
0.129279
0.132187
0.132309
0.133496
0.129637
0.133072
0.131142
0.132908
0.130656
0.129709
0.132350
0.136065
0.115066
0.121970
0.128417
0.126293
0.129772
0.130130
0.125623
0.126412
0.132511
0.122118
0.124503
0.118492
0.124959
0.127183
0.121213
0.104497
0.130700
0.120569
0.129068
0.132872
0.127330
0.134311
0.126977
0.130057
0.131248
0.124824
0.119500
0.128922
0.122347
0.114565
0.132988
0.131926
0.129099
0.129696
0.122677
0.129658
0.130358
0.133051
0.130444
0.128370
0.129252
0.130352
0.133910
0.130231
0.125832
0.131343
0.133761
0.132499
0.129828
0.129458
0.126072
0.131086
0.126850
0.129347
0.122694
0.127795
0.122608
0.124765
0.121023
0.126824
0.117171
0.120228
0.131028
0.124204
0.123477
0.122477
0.130609
0.126988
0.124271
0.127026
0.131998
0.129218
0.130604
0.119157
0.128820
0.134194
0.134340
0.128373
0.128502
0.128248
0.128348
0.130036
0.126642
0.130286
0.129542
