3.674942
3.675221
3.765878
3.772045
3.754092
3.635801
3.607659
3.657465
3.711492
3.666824
3.771965
3.759896
3.717965
3.689103
3.699515
3.755908
3.728052
3.782049
3.709121
3.733188
3.718751
3.667729
3.793712
3.703795
3.741851
3.689806
3.744896
3.648778
3.768548
3.681208
3.745135
3.742594
3.731436
3.754782
3.764254
3.735012
3.699686
3.822087
3.719413
3.742592
3.640835
3.727958
3.672398
3.647720
3.673036
3.698163
3.589370
3.736479
3.645055
3.638801
3.738590
3.784398
3.564220
5.151796
3.743289
3.759757
3.761913
3.611100
3.689024
3.749162
3.672015
3.692221
3.641186
3.667116
3.721482
3.658295
3.655054
3.648275
3.670830
3.796059
3.680855
3.634594
3.777135
3.747107
3.693766
3.726841
3.661231
3.712210
3.733220
3.727734
3.791545
3.716369
3.732919
3.557591
3.647538
3.684614
3.800155
3.801504
3.614501
3.647709
3.742599
3.826954
3.613431
3.754065
3.657448
3.640961
3.649278
3.644077
3.738889
3.746267
