0.524303
0.505953
0.533694
0.473432
0.503915
0.511747
0.482624
0.488225
0.516559
0.515451
0.486547
0.482380
0.488233
0.491429
0.476749
0.516298
0.524916
0.505658
0.479594
0.483372
0.492295
0.474463
0.527436
0.518155
0.477547
0.491842
0.504087
0.527247
0.504919
0.532535
0.515406
0.515747
0.501239
0.500817
0.505883
0.475500
0.510527
0.525601
0.510535
0.515424
0.523936
0.516375
0.477315
0.524400
0.530947
0.507225
0.524928
0.516658
0.504682
0.474811
0.522681
0.506289
0.477069
0.475541
0.476932
0.487129
0.492150
0.517695
0.491396
0.599123
0.523771
0.517234
0.498966
0.521017
0.494135
0.485763
0.617660
0.521961
0.508641
0.520883
0.517153
0.519073
0.504141
0.526349
0.487358
0.526472
0.484358
0.524891
0.491033
0.500723
0.514011
0.522649
0.527461
0.525780
0.504486
0.528003
0.506872
0.480064
0.486531
0.490693
0.487451
0.507383
0.482738
0.495169
0.478996
0.515590
0.502593
0.502565
0.482850
0.518164
