0.054923
0.056738
0.055072
0.055591
0.055388
0.056346
0.056435
0.055585
0.055535
0.054121
0.055603
0.055184
0.055592
0.056460
0.055909
0.055745
0.056082
0.056625
0.054732
0.055066
0.055094
0.055844
0.056491
0.054917
0.055237
0.055113
0.056410
0.055674
0.055272
0.055782
0.053915
0.054711
0.055036
0.056330
0.055283
0.056060
0.055819
0.054080
0.055704
0.056405
0.055294
0.054103
0.054926
0.055639
0.055049
0.055838
0.055030
0.055306
0.054846
0.054385
0.055216
0.055264
0.053900
0.054869
0.055718
0.055831
0.054330
0.056407
0.055669
0.055924
0.055020
0.055838
0.055901
0.054223
0.055786
0.054999
0.055281
0.055892
0.054298
0.056286
0.057414
0.054602
0.055024
0.055408
0.055568
0.055346
0.055031
0.056448
0.054417
0.054165
0.055911
0.055786
0.054835
0.055780
0.055133
0.055102
0.054848
0.055396
0.056327
0.056258
0.054973
0.055709
0.055875
0.055974
0.054137
0.055517
0.055504
0.054745
0.054975
0.055439
