0.449342
0.450628
0.456577
0.465535
0.456125
0.451361
0.557408
0.522067
0.454971
0.456555
0.529704
0.498009
0.452258
0.515985
0.453408
0.449221
0.514977
0.456417
0.459818
0.503103
0.438094
0.446797
0.533156
0.443243
0.456151
0.453732
0.451143
0.456666
0.462912
0.456114
0.448028
0.459027
0.444742
0.448161
0.461398
0.455890
0.456030
0.519677
0.528179
0.544890
0.447632
0.444321
0.507837
0.450529
0.446343
0.441989
0.461474
0.443475
0.521373
0.460797
0.450423
0.499595
0.514280
0.439116
0.444904
0.540901
0.439892
0.458734
0.441855
0.450001
0.451284
0.441443
0.440058
0.518514
0.461984
0.539779
0.444502
0.460785
0.444107
0.473413
0.452487
0.449154
0.522959
0.463566
0.457812
0.443750
0.449954
0.457662
0.462100
0.434893
0.450277
0.535065
0.454059
0.452331
0.455994
0.459443
0.463463
0.516000
0.536286
0.548182
0.535326
0.540376
0.488313
0.446743
0.461087
0.452108
0.450862
0.454430
0.446198
0.460092
