3.558103
3.626378
3.569114
3.631176
3.511915
3.525301
3.577061
3.567522
3.639984
3.566465
3.658311
3.601173
3.638541
3.542844
3.608863
3.620373
3.581111
3.607599
3.630402
3.525381
3.648283
3.614693
3.596032
3.574686
3.570948
3.657416
3.605746
3.528646
3.563933
3.599317
3.660433
3.611916
3.629218
3.579371
3.586296
3.520114
3.547550
3.665143
3.529414
3.574679
3.605228
3.630193
3.564111
3.586916
3.632941
3.607172
3.630273
3.612335
3.659432
3.567507
3.558456
3.625120
3.612695
3.612419
3.651664
3.620058
3.561267
3.509486
3.650172
3.665202
3.518597
3.525853
3.604093
3.555144
3.620373
3.578342
3.640985
3.571376
3.608439
3.523090
3.642936
3.610047
3.593125
3.604964
3.615816
3.593181
3.552652
3.580518
3.611828
3.562050
3.529506
3.578856
3.526453
3.598218
3.657844
3.607737
3.591650
3.600163
3.671509
3.611067
3.618100
3.611406
3.610695
3.566865
3.573529
3.581593
3.620486
3.613843
3.554728
3.589102
