0.057131
0.062798
0.061922
0.056550
0.062392
0.058347
0.061584
0.056947
0.062160
0.061799
0.061110
0.061040
0.060173
0.061188
0.060086
0.061363
0.062868
0.056125
0.060824
0.062091
0.058150
0.062524
0.057252
0.056825
0.058182
0.057265
0.062292
0.057692
0.061445
0.060141
0.056516
0.061019
0.057682
0.057045
0.056950
0.057096
0.061820
0.059522
0.058824
0.061467
0.061570
0.061783
0.056854
0.059208
0.056562
0.056815
0.060683
0.061793
0.056522
0.056873
0.056715
0.060121
0.059690
0.062253
0.061310
0.059194
0.063556
0.057820
0.063004
0.060696
0.061880
0.056135
0.060880
0.058151
0.058411
0.062298
0.060712
0.057250
0.057354
0.059619
0.061423
0.062525
0.057937
0.057520
0.060972
0.057758
0.057293
0.060244
0.056820
0.062374
0.057859
0.063181
0.056717
0.058541
0.062193
0.060794
0.056442
0.060447
0.059094
0.058388
0.062920
0.057036
0.060132
0.061845
0.061033
0.063435
0.058115
0.057698
0.062045
0.059157
