0.830421
0.814853
0.792507
0.709861
0.842809
0.709983
0.766417
0.866050
0.776389
0.789572
0.853947
0.833135
0.853400
0.850467
0.865150
0.859795
0.709745
0.709647
0.840748
0.709477
0.709623
0.709580
0.709466
0.761390
0.709438
0.838317
0.709383
0.709574
0.815740
0.847815
0.710134
0.709619
0.709373
0.709411
0.784279
0.850756
0.848117
0.851332
0.852232
0.855574
0.812626
0.853307
0.709493
0.709646
0.709721
0.832572
0.709601
0.822218
0.869959
0.851264
0.709449
0.709475
0.709478
0.709481
0.709457
0.709712
0.709784
0.838680
0.782039
0.849323
0.838534
0.803968
0.860249
0.709813
0.709892
0.709689
0.820826
0.713522
0.712153
0.843951
0.731939
0.712261
0.709676
0.709706
0.811773
0.826249
0.773583
0.812332
0.838596
0.767316
0.812002
0.852966
0.709584
0.796087
0.709430
0.827527
0.809093
0.709576
0.709562
0.709821
0.709742
0.709331
0.809711
0.832440
0.823663
0.709334
0.709544
0.709408
0.709444
0.847360
