0.008056
0.007422
0.008159
0.007936
0.007733
0.008058
0.007296
0.008166
0.008283
0.008097
0.007080
0.008076
0.008182
0.007846
0.008293
0.008039
0.008026
0.008108
0.008253
0.007905
0.008240
0.007732
0.008063
0.008045
0.007414
0.008214
0.008191
0.008138
0.008012
0.008248
0.008243
0.008230
0.007948
0.008064
0.007267
0.007919
0.008196
0.007680
0.008110
0.008081
0.008156
0.007807
0.007954
0.007752
0.007891
0.008328
0.008140
0.007918
0.008073
0.007991
0.007404
0.008361
0.008181
0.007983
0.008256
0.008237
0.008235
0.008004
0.008156
0.007716
0.008157
0.007718
0.008072
0.008146
0.008084
0.007423
0.007697
0.008049
0.008649
0.007955
0.007196
0.008250
0.007919
0.007221
0.008185
0.008144
0.008065
0.008212
0.008089
0.008266
0.007968
0.007886
0.008300
0.007362
0.007667
0.008073
0.007089
0.007177
0.007370
0.007261
0.008016
0.008225
0.008107
0.008047
0.007900
0.008128
0.008364
0.008072
0.007945
0.008120
