0.007896
0.007961
0.007350
0.007538
0.008265
0.008037
0.007800
0.008191
0.008365
0.007510
0.007682
0.008096
0.008240
0.007829
0.007725
0.007645
0.008161
0.007778
0.008146
0.007365
0.008047
0.007666
0.007841
0.007606
0.007611
0.007787
0.007644
0.008173
0.007584
0.007505
0.007923
0.007546
0.007539
0.008064
0.007816
0.007796
0.007833
0.007998
0.008102
0.008149
0.008224
0.007426
0.008106
0.008195
0.007376
0.007534
0.007646
0.008227
0.007692
0.007393
0.008115
0.008029
0.007504
0.007414
0.007364
0.008235
0.007658
0.007749
0.008287
0.007672
0.007869
0.008113
0.008295
0.007473
0.007446
0.008034
0.007840
0.007739
0.007672
0.008003
0.007649
0.007880
0.007533
0.007597
0.007773
0.007358
0.007503
0.007882
0.008100
0.008038
0.007454
0.007879
0.007578
0.007894
0.008229
0.008086
0.007918
0.008087
0.007417
0.007821
0.007411
0.008200
0.007538
0.007462
0.007694
0.007547
0.007537
0.007637
0.008096
0.008005
