0.008274
0.008157
0.008545
0.008219
0.008206
0.008310
0.008079
0.008125
0.008149
0.008069
0.008113
0.008173
0.008277
0.008190
0.008231
0.008172
0.008112
0.008078
0.008142
0.008126
0.008151
0.008125
0.008213
0.008126
0.008182
0.008151
0.008155
0.008180
0.008117
0.008163
0.008037
0.008118
0.008173
0.008091
0.008176
0.008196
0.008158
0.008024
0.008127
0.008159
0.008172
0.007940
0.008201
0.008139
0.008460
0.008226
0.008195
0.008181
0.008156
0.008207
0.008249
0.008113
0.008215
0.008180
0.008127
0.008194
0.008155
0.008163
0.008161
0.008122
0.008236
0.008128
0.008107
0.008269
0.008129
0.008286
0.008136
0.008171
0.008119
0.008172
0.008125
0.008183
0.008153
0.008250
0.008015
0.008038
0.008126
0.008199
0.008185
0.007911
0.008192
0.008056
0.008139
0.008105
0.007980
0.008134
0.008191
0.008087
0.008028
0.008280
0.008061
0.008193
0.008129
0.008122
0.008209
0.008200
0.008224
0.008042
0.008193
0.008127
