0.055047
0.054529
0.055824
0.054098
0.054781
0.054605
0.054646
0.055573
0.055631
0.056467
0.054180
0.055492
0.054989
0.055648
0.055961
0.056072
0.055311
0.055736
0.056439
0.056254
0.055181
0.055503
0.054298
0.055188
0.056177
0.054780
0.055414
0.054818
0.055264
0.056089
0.055338
0.055467
0.055653
0.056260
0.055294
0.054697
0.056058
0.055965
0.056485
0.056470
0.054420
0.053879
0.054769
0.055202
0.053701
0.054609
0.056429
0.055177
0.054033
0.053951
0.055628
0.055045
0.054858
0.055746
0.054072
0.054053
0.055001
0.054974
0.054432
0.054865
0.054024
0.054574
0.053895
0.055311
0.054705
0.054405
0.055287
0.055823
0.055420
0.055423
0.056492
0.055610
0.056497
0.055366
0.054251
0.055207
0.054552
0.054333
0.055847
0.057751
0.054331
0.055541
0.053896
0.055718
0.054084
0.055736
0.054238
0.053925
0.055105
0.055297
0.053498
0.055622
0.054571
0.055190
0.055868
0.054848
0.054884
0.054620
0.055448
0.055677
