0.009807
0.009816
0.009807
0.009821
0.009821
0.009828
0.009839
0.009827
0.009840
0.009824
0.009830
0.009832
0.009821
0.009811
0.009814
0.009799
0.009824
0.009810
0.009816
0.009828
0.009826
0.009840
0.009824
0.009818
0.009828
0.009813
0.009787
0.009828
0.009794
0.009818
0.009808
0.009810
0.009791
0.009820
0.009836
0.009829
0.009808
0.009818
0.009802
0.009820
0.009833
0.009822
0.009810
0.009831
0.009823
0.009824
0.009825
0.009786
0.009829
0.009843
0.009930
0.009813
0.009819
0.009841
0.009794
0.009822
0.009812
0.009830
0.009794
0.009834
0.009817
0.009832
0.009801
0.009824
0.009824
0.009802
0.009820
0.009785
0.009811
0.009830
0.009778
0.009832
0.009817
0.009787
0.009817
0.009825
0.009821
0.009824
0.009826
0.009797
0.009791
0.009799
0.009831
0.009802
0.009811
0.009808
0.009841
0.009829
0.009792
0.009826
0.009795
0.009826
0.009793
0.009826
0.009814
0.009806
0.009808
0.009821
0.009831
0.009794
