32.361161
31.379443
32.215436
31.849991
32.082182
31.835684
32.492601
31.844923
32.328027
31.941819
32.410354
32.240720
32.456348
32.122095
31.997584
32.075342
32.415693
32.007997
31.595249
32.375911
32.379806
31.985967
31.854954
31.871210
31.914659
31.978588
32.229178
32.318977
32.142433
31.341038
31.800459
31.420136
32.218211
31.320067
32.355216
31.690843
31.399035
32.474600
31.849029
32.414525
31.839841
31.466614
31.500530
32.611239
32.476914
31.881129
32.160099
32.425388
31.395255
32.098018
32.194667
32.103696
32.392715
31.483232
32.326131
31.899777
32.232630
31.747796
32.003770
31.543611
32.276125
31.900252
31.456450
32.190502
31.986130
32.327046
32.437232
32.112121
31.932500
31.840947
32.196022
31.903104
31.707662
32.319240
32.124506
31.797801
32.044607
31.988746
31.670171
32.235365
31.366384
32.048554
32.123324
31.362343
32.139036
31.999316
32.398214
32.014935
31.632815
32.135673
31.862734
32.104845
32.468354
32.424854
32.257043
31.873046
31.875671
32.187158
32.002900
32.128175
