0.052736
0.051389
0.053772
0.059788
0.058497
0.052741
0.058843
0.059528
0.055638
0.059344
0.059750
0.059688
0.054409
0.059735
0.056208
0.052833
0.052392
0.058321
0.059062
0.059134
0.051116
0.052337
0.051328
0.051161
0.058220
0.056123
0.058920
0.059685
0.051307
0.059136
0.058234
0.058548
0.058893
0.053588
0.060019
0.053843
0.059018
0.058975
0.059102
0.059832
0.059952
0.059094
0.055383
0.059722
0.059508
0.058773
0.059191
0.058152
0.059652
0.059311
0.056309
0.059530
0.059774
0.059657
0.050938
0.052841
0.059648
0.058451
0.059701
0.052534
0.054291
0.059355
0.056360
0.052091
0.054117
0.059262
0.059509
0.059271
0.054293
0.056335
0.056406
0.060539
0.054151
0.056325
0.058813
0.052522
0.056511
0.052849
0.052791
0.056317
0.059374
0.052679
0.058927
0.059140
0.059334
0.051831
0.053685
0.052633
0.059493
0.052114
0.056979
0.058355
0.052081
0.059959
0.058944
0.059920
0.058329
0.053803
0.059391
0.052541
