54.462947
53.051897
42.227185
42.374752
47.278283
43.163135
42.004168
41.481237
49.668644
53.262533
42.001624
45.436320
40.518845
36.915207
35.719676
37.247863
36.141193
42.968774
46.794378
38.395562
41.892148
45.148361
38.457850
37.626437
48.498285
45.775035
36.135662
46.432054
47.528109
37.185875
47.258371
47.183528
34.517031
41.418606
36.473788
33.890675
43.307066
40.905715
34.545901
34.075375
36.086814
34.533759
41.816896
36.230278
36.785910
40.043718
42.849959
40.155041
37.053541
51.694280
37.640166
48.095218
35.642559
35.634241
41.915236
48.444729
36.410474
41.012210
41.457192
41.607045
40.156821
41.001232
35.663608
36.332555
41.535907
40.769719
34.578605
37.204364
37.332696
52.469227
34.570366
48.661381
36.900813
37.680708
35.812004
36.324900
38.063642
36.270309
34.297410
49.439922
41.779709
36.431228
34.721465
37.146405
38.010001
36.533339
37.709264
34.448961
35.188854
43.039386
36.101756
35.754798
37.071485
44.851413
37.351795
49.684140
43.704686
36.534715
36.366242
37.617542
