0.460167
0.464966
0.451588
0.461125
0.459609
0.460033
0.457337
0.443599
0.452740
0.452196
0.451033
0.450721
0.446226
0.461777
0.451998
0.455855
0.455451
0.452141
0.455169
0.463899
0.453019
0.463063
0.460939
0.463794
0.447978
0.447422
0.456698
0.452464
0.447318
0.445157
0.452762
0.453953
0.449004
0.463604
0.465286
0.452984
0.453735
0.452857
0.449798
0.459754
0.452537
0.455291
0.452105
0.447268
0.454765
0.458015
0.457214
0.453925
0.450991
0.446331
0.459280
0.453504
0.451747
0.442088
0.447643
0.442501
0.448931
0.453810
0.457904
0.453378
0.454391
0.448849
0.449284
0.456341
0.448847
0.454010
0.457876
0.458445
0.459549
0.450716
0.453501
0.458347
0.455798
0.452017
0.458085
0.454791
0.456564
0.444419
0.457750
0.439122
0.454003
0.457074
0.444426
0.449030
0.449631
0.458282
0.457855
0.455437
0.455391
0.461497
0.456117
0.447294
0.453149
0.450345
0.455163
0.455002
0.456259
0.454454
0.452735
0.447603
