36.276591
37.025181
36.596675
37.265095
37.105844
36.227111
37.792667
36.783480
35.966034
43.527005
36.046075
36.327016
35.943521
35.732391
35.733777
34.410182
34.729073
37.142796
36.373845
37.849937
40.840320
47.292801
37.912872
36.446834
34.355226
35.958737
36.525243
38.988845
44.035651
36.539545
36.165480
46.330329
37.011631
42.691641
37.807429
38.613255
34.081388
34.259475
42.106733
39.204898
37.306477
36.969109
46.266777
38.426822
36.370715
43.778384
37.718132
38.539425
35.116265
34.736472
37.149334
34.286910
36.216630
39.991043
36.938978
40.771393
37.616430
37.230191
39.137213
47.345778
36.507247
40.124052
38.431664
40.303155
48.431907
38.720340
36.112831
38.336725
34.134231
39.161293
36.081775
36.444104
38.427010
36.842528
34.256751
37.885507
37.813925
37.029727
36.123052
38.189485
38.865270
36.887279
42.423903
39.250322
38.068804
38.090678
36.215574
33.934286
43.896541
37.427718
44.142818
44.607070
37.150058
43.264149
35.739315
35.819677
36.981553
36.353787
37.297690
37.630548
