32.272881
31.785077
40.909051
41.363758
32.247029
35.032453
46.438820
32.107073
31.628273
34.946519
39.530241
37.482507
35.202263
31.831334
39.372485
43.803996
32.139663
42.179738
31.873564
32.219053
32.364716
32.592844
32.303650
40.110033
32.188264
32.598040
32.407373
32.459301
32.274069
33.618944
31.812708
32.016632
40.539882
34.879379
44.136235
31.627582
34.909449
46.854300
39.448846
31.838511
32.311178
32.329544
40.792576
32.245235
32.134383
33.279743
46.343324
43.960407
39.852379
32.570901
31.798949
36.172710
32.307948
31.919934
44.880343
31.992150
33.340339
31.659765
31.531513
34.342835
31.563117
32.200344
31.798289
32.436688
38.582905
46.308469
33.544520
34.698652
31.833332
32.141996
39.094578
32.190393
31.904759
46.289425
46.138481
31.963095
35.833760
32.569411
43.542290
39.553616
46.557935
31.463024
31.865100
32.780152
31.598590
46.762158
32.623999
31.638826
32.222064
32.287876
43.479063
31.746919
31.750591
32.539333
32.098740
32.179731
32.136104
32.639708
32.094023
32.659374
