0.008101
0.007137
0.008131
0.007306
0.007958
0.007978
0.008089
0.008014
0.007999
0.008080
0.007991
0.007663
0.008087
0.008046
0.008129
0.007944
0.007351
0.007340
0.008013
0.007989
0.007978
0.007986
0.008051
0.008114
0.008090
0.006984
0.008029
0.007143
0.008090
0.008034
0.008078
0.007939
0.007960
0.008029
0.007252
0.008090
0.008043
0.008080
0.007348
0.008075
0.007978
0.008067
0.007091
0.007956
0.008108
0.008071
0.007959
0.008004
0.007139
0.007893
0.007899
0.007887
0.006991
0.007983
0.007186
0.008075
0.007998
0.007016
0.007833
0.008062
0.007986
0.007246
0.007972
0.008067
0.007227
0.007951
0.007579
0.008094
0.008095
0.007503
0.007163
0.007907
0.008068
0.007896
0.007908
0.008152
0.007211
0.008066
0.008044
0.008112
0.008082
0.007586
0.007036
0.008110
0.008049
0.008128
0.008072
0.008101
0.007884
0.007914
0.008115
0.008119
0.008032
0.007126
0.007109
0.008062
0.007880
0.008079
0.007127
0.008071
