0.457384
0.445208
0.451939
0.460962
0.453710
0.453437
0.453571
0.456828
0.456080
0.452761
0.443341
0.452429
0.452973
0.456739
0.461361
0.453887
0.449383
0.458093
0.449911
0.457777
0.452746
0.457489
0.444641
0.454190
0.450560
0.452665
0.452585
0.444070
0.446301
0.459315
0.457639
0.443298
0.455620
0.451627
0.443583
0.461615
0.443566
0.457847
0.457477
0.451947
0.452769
0.456846
0.459223
0.451102
0.445263
0.459139
0.451241
0.452914
0.460220
0.456998
0.454762
0.451608
0.456273
0.439789
0.460577
0.450607
0.457536
0.449535
0.461390
0.442089
0.454155
0.449419
0.438073
0.460521
0.451830
0.459523
0.463152
0.456971
0.456899
0.450409
0.450495
0.456568
0.456250
0.456688
0.454833
0.455621
0.454598
0.459042
0.451115
0.459226
0.442189
0.456201
0.460221
0.461407
0.451811
0.457195
0.453776
0.460785
0.442593
0.459261
0.459590
0.457081
0.459492
0.457743
0.443759
0.452010
0.441655
0.457171
0.446791
0.450751
