31.985145
32.262139
32.262324
31.459228
32.416998
31.407243
31.864010
32.041962
32.195717
31.906037
32.199469
31.444482
32.271525
32.045642
32.323771
31.441594
32.509490
32.178878
32.451522
32.143497
32.550703
32.086428
32.294684
32.516531
32.274428
32.243874
31.413054
31.873072
32.228012
32.400131
32.186674
31.449255
32.379732
31.421995
32.344053
31.816617
31.879215
31.964638
31.670100
31.530662
32.413706
31.880143
32.498123
31.533248
31.439243
32.097206
32.425946
32.393429
32.150658
32.386152
31.913660
31.421864
32.283891
32.119004
32.224665
32.186151
32.484535
32.404697
32.238982
32.048928
31.467399
32.112438
32.255043
32.378783
32.193952
31.878828
32.199133
32.487903
31.835634
32.306336
31.937423
31.489156
31.911515
32.213857
32.424275
31.877163
32.205221
32.105216
31.818780
31.910518
32.420965
32.097143
32.091907
31.925012
31.472427
31.896296
31.866869
32.161494
32.468294
31.849407
32.214867
32.419050
32.012632
32.565234
32.548951
32.573392
31.883888
31.999268
31.824661
32.162685
