0.515100
0.462904
0.520113
0.531756
0.529173
0.521075
0.511762
0.477001
0.529901
0.502773
0.475421
0.464290
0.523462
0.521599
0.516237
0.515676
0.498894
0.539711
0.502776
0.522761
0.526004
0.462073
0.522417
0.463292
0.512766
0.466086
0.517228
0.477208
0.523160
0.526479
0.514726
0.521446
0.512875
0.515726
0.527843
0.509348
0.521165
0.518872
0.518997
0.518399
0.524751
0.494801
0.513281
0.461505
0.525143
0.521242
0.524344
0.519994
0.526307
0.463007
0.510216
0.517732
0.504277
0.509985
0.520879
0.525100
0.528163
0.513413
0.535054
0.526374
0.505522
0.520351
0.501603
0.501454
0.522243
0.521728
0.519091
0.529117
0.513819
0.475868
0.463930
0.537440
0.522284
0.478387
0.508757
0.528715
0.525477
0.507714
0.521684
0.527383
0.501554
0.529759
0.468965
0.465287
0.586044
0.515722
0.496624
0.496827
0.506085
0.515393
0.506451
0.474341
0.466109
0.524377
0.521450
0.520293
0.474477
0.524377
0.472761
0.536357
