0.055405
0.055209
0.055063
0.055612
0.055642
0.055439
0.055217
0.054988
0.055348
0.054723
0.055484
0.054874
0.055428
0.055482
0.055572
0.056139
0.055089
0.054989
0.056011
0.055449
0.055477
0.055720
0.055199
0.055745
0.055593
0.055377
0.055102
0.055692
0.055000
0.055385
0.055518
0.054831
0.055097
0.055493
0.055926
0.054951
0.054883
0.055728
0.054983
0.055510
0.054115
0.054933
0.057021
0.055714
0.056155
0.055874
0.055271
0.055935
0.055535
0.055824
0.056551
0.056042
0.056273
0.055301
0.055207
0.056003
0.056224
0.056261
0.055913
0.055795
0.055586
0.054098
0.053955
0.055973
0.056097
0.054096
0.055862
0.054868
0.053979
0.055611
0.055492
0.055130
0.054377
0.055254
0.055853
0.055904
0.055425
0.055650
0.055144
0.055082
0.055733
0.055820
0.055123
0.055457
0.053893
0.055504
0.054782
0.055845
0.056349
0.056359
0.055736
0.055595
0.054160
0.056389
0.055505
0.056364
0.054807
0.055992
0.055426
0.055021
