4.114252
4.159709
3.774224
3.786519
4.177549
4.002859
3.998918
4.135579
4.207753
3.710790
4.018290
4.144044
4.151577
3.821961
4.094010
4.175122
4.183704
4.076215
4.180810
3.694335
4.096473
3.683286
3.687016
3.818945
4.116408
4.000802
3.989566
4.101238
4.116895
4.111020
4.097944
3.696694
4.179653
4.113342
4.125607
4.172107
4.168751
4.176998
4.160741
4.093675
4.040075
4.190023
4.094261
4.203402
4.099226
4.164215
4.040486
4.181810
4.106654
4.026552
4.198415
4.176665
4.178604
4.009792
3.688314
4.171353
4.030295
3.849083
4.046894
4.177541
4.184442
4.169823
4.158226
4.184838
4.183163
4.176002
4.093392
4.173038
3.779384
4.210350
5.033554
4.084732
4.852753
4.345323
5.346136
4.169839
4.030918
5.015999
4.159777
5.337815
4.617847
4.041910
5.367711
3.680126
3.909121
4.442137
4.190314
5.310282
5.382706
4.299497
5.328711
5.354177
3.681369
4.450268
4.443671
4.181490
5.007179
3.984391
5.146563
4.130606
