5.966022
5.978800
5.977997
5.988312
5.989427
5.995044
5.989813
6.001980
5.988222
5.986976
5.970724
5.044706
4.719116
4.985201
4.665093
4.708366
4.787184
4.677455
4.584259
5.839316
4.738256
4.748271
4.738732
4.997362
4.692107
4.761806
4.701338
4.690080
4.791312
5.070891
4.675107
4.725919
4.696802
4.809537
4.743047
4.813194
5.572132
5.008778
4.788382
5.013930
4.578687
4.735206
4.674727
4.707938
4.580931
5.011228
4.734558
4.730097
5.579371
4.821366
4.660990
4.816569
4.703900
4.650973
4.686270
4.694568
4.842306
4.824715
5.017410
4.735243
4.696871
4.691294
4.921871
4.574689
4.819441
4.821225
4.710203
4.820540
5.013228
5.408432
5.462322
5.527119
5.401325
5.310258
4.667664
4.727561
4.751984
4.663551
4.816822
4.700067
4.722603
4.729198
4.969060
4.725664
4.821835
4.983704
4.698983
4.729296
4.988446
4.814923
4.752517
4.691049
4.730950
4.802330
4.732979
4.576312
5.220053
4.677649
4.719107
4.793324
