0.496174
0.496802
0.437515
0.470765
0.439468
0.434766
0.493763
0.498008
0.472179
0.438828
0.493665
0.490847
0.441904
0.429424
0.449330
0.490971
0.486038
0.471439
0.496370
0.494392
0.496659
0.494221
0.437967
0.493185
0.490015
0.472533
0.483620
0.484706
0.497319
0.495637
0.495061
0.453508
0.429110
0.435545
0.439371
0.498570
0.495464
0.487325
0.439787
0.439551
0.439629
0.438864
0.490980
0.485120
0.468155
0.439633
0.580087
0.484773
0.450398
0.431848
0.469714
0.430568
0.493598
0.496547
0.569870
0.448121
0.469661
0.492415
0.497726
0.480168
0.470441
0.492278
0.483132
0.491290
0.488672
0.430521
0.434087
0.494745
0.434194
0.493839
0.493008
0.436691
0.484202
0.430160
0.496081
0.495945
0.448419
0.482405
0.495473
0.484694
0.440195
0.427977
0.437650
0.441252
0.450951
0.447905
0.495192
0.492681
0.514618
0.494362
0.449316
0.492840
0.429808
0.487042
0.493864
0.441923
0.428083
0.490848
0.470721
0.498111
