0.082482
0.082458
0.082541
0.082500
0.082531
0.082574
0.082590
0.082444
0.082401
0.082543
0.082567
0.082578
0.082543
0.082436
0.082392
0.082505
0.082455
0.082525
0.082460
0.082874
0.082415
0.082428
0.082440
0.082460
0.082424
0.082416
0.082432
0.082453
0.082492
0.082452
0.082394
0.082448
0.082414
0.082465
0.082486
0.082479
0.082412
0.082383
0.082430
0.082453
0.082445
0.082466
0.082439
0.082462
0.082439
0.082452
0.082387
0.082420
0.082404
0.082511
0.082555
0.082658
0.082595
0.082598
0.082482
0.082462
0.082469
0.082438
0.082447
0.082497
0.082489
0.082419
0.082407
0.082484
0.082397
0.082432
0.082426
0.082422
0.082499
0.082442
0.082696
0.082500
0.082562
0.082495
0.082484
0.082530
0.082534
0.082510
0.082695
0.082502
0.082508
0.082525
0.082596
0.082439
0.082557
0.082522
0.082477
0.082413
0.082599
0.082574
0.082516
0.082434
0.082591
0.082621
0.082486
0.082430
0.082417
0.082435
0.082449
0.082468
