0.062953
0.062839
0.054729
0.054833
0.055994
0.060217
0.060616
0.062176
0.062050
0.053671
0.062113
0.063299
0.059503
0.061952
0.056211
0.055000
0.056155
0.063001
0.062227
0.055158
0.055994
0.061862
0.062814
0.063855
0.061498
0.055250
0.061379
0.063323
0.062188
0.059740
0.059719
0.055707
0.060570
0.062096
0.060203
0.056448
0.059360
0.060649
0.061743
0.062160
0.055897
0.059877
0.062639
0.061831
0.062146
0.060874
0.062750
0.062948
0.056985
0.060982
0.059256
0.059695
0.061379
0.056194
0.056646
0.056318
0.059566
0.061642
0.063189
0.059665
0.059060
0.062759
0.060071
0.061816
0.059266
0.059282
0.056538
0.060981
0.056929
0.059753
0.054449
0.059460
0.062304
0.059301
0.054814
0.061729
0.062867
0.056548
0.061051
0.059938
0.062483
0.061125
0.061591
0.059553
0.055015
0.059955
0.062032
0.060513
0.059210
0.062488
0.062988
0.061773
0.055093
0.060844
0.062187
0.059739
0.062988
0.061646
0.061960
0.062291
