3.570826
3.589045
3.618174
3.560202
3.554187
3.584989
3.571181
3.657667
3.595739
3.542479
3.570639
3.574499
3.568465
3.604377
3.655497
3.602378
3.616115
3.633396
3.538304
3.555640
3.550686
3.600245
3.555115
3.623888
3.566768
3.568702
3.509198
3.600365
3.628497
3.613850
3.610461
3.601638
3.606640
3.633628
3.597815
3.516316
3.627586
3.604636
3.584226
3.669567
3.526545
3.577387
3.659533
3.613684
3.617869
3.527987
3.564988
3.677036
3.584023
3.579350
3.589961
3.582900
3.595906
3.586690
3.661864
3.647264
3.576630
3.624822
3.577578
3.528435
3.617068
3.534074
3.621953
3.577787
3.540281
3.595390
3.653287
3.615121
3.632536
3.584190
3.578247
3.572042
3.584419
3.615814
3.621367
3.657095
3.654023
3.602204
3.678150
3.579879
3.593181
3.530693
3.647786
3.566815
3.633091
3.615696
3.564523
3.606033
3.561080
3.622343
3.584452
3.641489
3.640427
3.591838
3.690212
3.543841
3.516896
3.619145
3.587135
3.565826
