3.458926
4.094671
3.452049
3.585504
3.969335
4.003381
3.595244
3.590400
3.544407
4.177467
3.476281
3.866645
3.516579
3.592810
4.726105
3.575467
3.485531
3.533283
3.452855
4.738803
4.015645
4.223891
3.581490
4.721461
3.585992
3.500646
3.595273
3.458641
3.483864
3.453333
3.436060
3.586514
3.477428
3.533481
3.476410
4.835089
3.502401
3.634335
4.300647
3.581053
3.530787
3.954411
3.536017
3.533895
3.676598
3.547855
3.590671
4.434289
3.506837
3.454059
3.492181
4.714796
3.488179
3.574074
3.480216
3.563606
3.905524
3.477940
3.657206
3.484796
3.513651
3.451300
3.515733
3.488429
4.199533
3.576376
4.022580
3.585330
3.497814
3.501149
4.003596
3.524739
3.484909
3.472690
3.462032
3.606862
3.561012
3.479661
3.595910
3.510530
3.748722
3.473546
3.527400
4.782595
3.548590
4.114910
3.569424
4.726517
3.571648
3.485339
3.464504
4.164699
3.491911
3.580194
3.615470
3.546858
3.443310
3.616694
4.543682
3.513666
