3.570765
3.616216
3.614409
3.566986
3.529844
3.581008
3.629730
3.543363
3.582557
3.620028
3.569034
3.619975
3.513690
3.576730
3.526365
3.601623
3.563526
3.581947
3.494391
3.598415
3.564991
3.568305
3.523963
3.581066
3.682941
3.584275
3.578857
3.589568
3.645965
3.620567
3.560258
3.573910
3.560545
3.502795
3.611110
3.588010
3.555344
3.620763
3.600108
3.609130
3.611282
3.516368
3.571208
3.573795
3.584539
3.552599
3.633914
3.621910
3.578995
3.617362
3.545355
3.501413
3.599704
3.612408
3.626323
3.569521
3.623825
3.573693
3.694423
3.582983
3.634557
3.637720
3.581333
3.589519
3.640012
3.510891
3.579539
3.583135
3.619202
3.596689
3.558235
3.615855
3.574839
3.564733
3.595920
3.572078
3.612458
3.662719
3.570637
3.605426
3.616288
3.645110
3.659926
3.642887
3.614146
3.619246
3.658721
3.505048
3.517384
3.585226
3.615074
3.570092
3.548610
3.639505
3.570413
3.603084
3.574644
3.663806
3.582335
3.655766
