0.008003
0.008125
0.008215
0.008166
0.008219
0.008075
0.008171
0.008072
0.008552
0.008231
0.008156
0.008160
0.008051
0.008211
0.008157
0.008134
0.008113
0.008165
0.008202
0.008153
0.007985
0.008109
0.008065
0.008230
0.008253
0.008141
0.008317
0.008181
0.008224
0.008179
0.008208
0.008090
0.008035
0.008135
0.008097
0.008078
0.008118
0.007908
0.008113
0.008178
0.008153
0.008070
0.008176
0.008098
0.008138
0.009469
0.008138
0.008367
0.008038
0.007997
0.008146
0.008158
0.008128
0.008223
0.008126
0.008093
0.008213
0.008021
0.007918
0.008029
0.008238
0.008044
0.008070
0.008197
0.008136
0.007972
0.008071
0.008331
0.008018
0.008236
0.008238
0.008196
0.008252
0.008067
0.007913
0.008033
0.007995
0.008185
0.008158
0.008286
0.008076
0.008229
0.008096
0.007926
0.007955
0.008236
0.008013
0.008174
0.007905
0.008165
0.008082
0.008200
0.008115
0.008154
0.008089
0.007935
0.008170
0.007976
0.008146
0.008060
