3.821763
3.927503
4.150372
3.946216
4.082483
3.987982
4.078939
3.806984
4.009109
3.815095
3.987265
4.138839
4.118862
3.926415
3.819089
4.210382
4.072626
4.007628
3.824292
4.072029
3.969969
3.932024
4.072740
4.004997
3.826594
4.060969
3.987691
3.799614
4.146754
4.398311
4.000335
4.137077
4.188894
4.057057
4.164659
3.985354
4.267720
3.806541
4.193590
4.135757
4.888231
4.554030
3.707723
4.042979
4.012137
4.684469
5.375662
4.100263
3.821273
3.856543
3.998002
4.074411
4.989816
4.240933
4.553327
4.075266
4.308253
3.932826
3.806784
4.215872
4.068390
4.136690
4.022129
4.060988
3.809083
4.224880
4.059964
3.820552
5.330350
5.214266
4.052701
3.821575
4.762361
4.454770
5.192139
5.152949
3.957879
3.983910
4.063088
3.800548
3.797769
3.939031
4.026927
4.507769
5.085527
4.001490
3.930000
5.346274
4.013919
4.060743
4.153111
4.069341
4.149254
4.225877
3.995429
4.015411
4.174129
4.022933
4.218405
4.167937
