38.205338
51.244558
46.109026
47.085267
47.466476
37.295859
46.867014
46.545297
48.369590
37.821532
34.349466
36.781837
34.653275
33.861466
37.470554
36.710052
33.505219
37.905449
33.390249
50.958004
37.484925
43.970223
34.270966
49.556587
37.554201
47.044844
41.666765
37.651248
39.060302
35.245922
37.184981
44.029015
37.238361
43.843763
35.920991
37.507932
37.563491
43.688558
39.233908
39.208747
36.624867
33.388168
33.722869
50.339774
49.374460
39.047082
36.502185
51.047452
36.353387
36.091464
33.425167
43.294315
34.773633
35.699878
37.374827
39.893634
48.032432
37.417069
37.093445
37.510156
39.692868
35.479774
36.898429
43.383074
49.436161
45.622806
48.452094
40.146941
49.768537
38.327876
40.035496
35.554536
41.839272
38.320229
36.892663
34.717938
36.587462
45.990986
49.734792
34.220702
37.329947
34.868294
47.460712
44.348342
37.192686
34.066574
35.571108
37.528939
37.563899
48.993200
46.092006
46.776637
35.474955
37.504473
40.943927
45.880091
41.944662
38.001983
46.001376
47.283819
