32.230029
32.059402
32.324108
32.050356
32.207692
32.550344
31.930751
32.172490
32.105840
32.378622
31.885986
31.763818
31.817606
31.408303
32.230002
32.353241
32.349340
31.804701
32.027029
32.222552
32.083842
31.844072
31.719960
32.785957
31.761583
31.752896
32.183710
32.734799
31.990048
32.354110
32.234043
32.185762
31.774263
31.377278
31.881455
32.168803
31.831474
32.129686
31.866649
31.546231
32.278419
31.758778
32.093070
32.470876
32.185323
32.398562
31.842611
31.460393
32.461173
31.474371
32.256270
31.876478
32.071286
31.779699
32.057803
31.938397
32.311989
32.195975
31.874410
31.925401
31.872429
32.169228
31.790818
31.800854
32.287753
32.152383
32.119300
32.307276
31.446046
31.830338
32.128439
32.406182
32.170596
31.746127
31.761877
31.835336
32.189244
32.371372
31.936233
31.902669
31.822681
31.944930
32.304157
32.194976
32.191858
32.186883
32.161720
32.105257
31.444576
31.986804
32.435864
31.912754
31.805790
31.925153
31.975697
31.945808
32.256727
32.793743
32.020493
32.298166
