0.007778
0.008175
0.007940
0.008012
0.007953
0.007725
0.007778
0.007854
0.007713
0.007746
0.007891
0.007813
0.007750
0.007685
0.007856
0.008008
0.008057
0.007803
0.007711
0.007775
0.007747
0.007765
0.007702
0.007848
0.007972
0.007932
0.007928
0.007654
0.007810
0.007753
0.007832
0.007756
0.007797
0.007851
0.007883
0.007790
0.007711
0.007962
0.007967
0.007933
0.007804
0.007716
0.007828
0.007905
0.007904
0.007772
0.007868
0.007883
0.007778
0.007742
0.007875
0.007895
0.007875
0.007983
0.007705
0.007811
0.007823
0.007709
0.007927
0.007769
0.007822
0.007779
0.007811
0.007948
0.007847
0.007869
0.007871
0.007812
0.007789
0.007967
0.007831
0.007747
0.007809
0.007737
0.007817
0.008090
0.007909
0.007858
0.007912
0.007797
0.007878
0.007746
0.007881
0.007679
0.007794
0.007818
0.007844
0.008081
0.007906
0.007848
0.007896
0.007890
0.007785
0.007890
0.007736
0.007812
0.007726
0.007744
0.007775
0.007874
