0.611347
0.532206
0.532003
0.532316
0.532193
0.532364
0.532120
0.532167
0.532162
0.539932
0.669942
0.532324
0.676493
0.671578
0.629285
0.622840
0.667746
0.532491
0.672159
0.532200
0.532039
0.531816
0.532670
0.532188
0.532383
0.615537
0.642623
0.685766
0.599316
0.601036
0.532158
0.652884
0.687838
0.670006
0.673493
0.535052
0.655333
0.674168
0.689676
0.653232
0.532541
0.625571
0.656623
0.674059
0.676135
0.673945
0.532367
0.646050
0.635548
0.531905
0.532276
0.639175
0.683500
0.625018
0.687515
0.675978
0.532451
0.532470
0.608850
0.532156
0.532515
0.666694
0.618475
0.532338
0.532393
0.532335
0.532285
0.532320
0.532365
0.560514
0.531998
0.532034
0.667355
0.532114
0.532253
0.532335
0.668553
0.604271
0.532210
0.532248
0.646500
0.661163
0.630217
0.532108
0.672420
0.613506
0.563851
0.687641
0.673008
0.559289
0.533690
0.639822
0.533682
0.534858
0.532197
0.689781
0.532057
0.532495
0.532135
0.532114
