0.006896
0.006894
0.006888
0.006904
0.006878
0.006919
0.006908
0.006895
0.006882
0.006900
0.006898
0.006932
0.006900
0.006905
0.006914
0.006906
0.006915
0.006900
0.006927
0.006918
0.006897
0.006909
0.006882
0.006905
0.006914
0.006908
0.006925
0.006919
0.006910
0.006913
0.006903
0.006926
0.006911
0.006913
0.006915
0.006896
0.006903
0.006912
0.006919
0.006906
0.006930
0.006901
0.006918
0.006907
0.006901
0.006919
0.006921
0.006936
0.006909
0.006907
0.006916
0.006908
0.006933
0.006903
0.006891
0.006921
0.006905
0.006906
0.006916
0.006934
0.006926
0.006892
0.006881
0.006912
0.006915
0.006910
0.006920
0.006916
0.006911
0.006909
0.006930
0.006892
0.006903
0.006921
0.006913
0.006916
0.006911
0.006923
0.006891
0.006930
0.006886
0.006932
0.006925
0.006927
0.006888
0.006905
0.006881
0.006900
0.006889
0.006908
0.006894
0.006915
0.006880
0.006914
0.006894
0.006929
0.006910
0.006906
0.006910
0.006891
