0.059971
0.065699
0.060093
0.059988
0.066200
0.059926
0.059991
0.059956
0.059975
0.059939
0.060011
0.059933
0.060011
0.064096
0.062825
0.059966
0.059962
0.063667
0.062858
0.060007
0.060003
0.063908
0.059987
0.059980
0.066365
0.059932
0.059949
0.064471
0.059995
0.068577
0.062623
0.059959
0.059956
0.064532
0.059977
0.062238
0.059972
0.059941
0.059981
0.059990
0.060019
0.064837
0.060014
0.060042
0.065822
0.059989
0.059981
0.059950
0.059932
0.059955
0.059989
0.059940
0.059960
0.059920
0.059976
0.060005
0.059956
0.060012
0.059993
0.059951
0.060009
0.059946
0.059988
0.059990
0.059969
0.059942
0.059958
0.068180
0.059971
0.059947
0.059917
0.060024
0.059977
0.066551
0.064508
0.059954
0.060061
0.067817
0.064968
0.059946
0.059959
0.064422
0.059978
0.059943
0.066253
0.059986
0.060003
0.064080
0.060018
0.062220
0.059975
0.060000
0.064295
0.060012
0.059971
0.063887
0.059971
0.060020
0.059983
0.059958
