41.113292
42.057345
42.603373
40.211194
41.676462
40.594382
53.281947
43.098667
43.613375
43.828726
45.224301
41.855840
41.871546
40.455689
35.368084
32.937786
35.515330
34.186224
33.727754
35.851720
35.759900
34.144901
35.248259
33.980314
36.066448
35.952452
33.193061
32.913771
32.772879
32.796805
36.078793
35.344818
36.147574
35.782857
35.305770
32.617657
35.456142
32.887760
35.496910
33.495803
33.200314
34.825205
35.439529
43.480807
33.373390
35.406856
34.777585
32.723356
32.404800
32.598207
36.024989
35.523596
36.026263
35.421215
35.248117
35.975469
35.939828
34.818695
34.028969
35.898695
33.638274
34.657647
32.600741
33.154985
33.024745
35.947561
32.384980
35.437551
35.269209
32.491702
36.002414
32.619761
35.107715
35.252385
36.126790
35.920029
35.824940
32.764869
32.564676
33.845666
35.371613
34.263361
35.151252
35.367052
34.966675
35.195506
35.126226
35.293817
32.769468
36.097138
35.699398
33.793894
35.845563
35.017808
34.156783
35.549256
32.846177
35.622892
35.202488
32.469239
