0.545911
0.528730
0.535287
0.578663
0.541158
0.553290
0.490246
0.502272
0.546136
0.546030
0.543425
0.576975
0.470735
0.526767
0.629578
0.484077
0.552771
0.622587
0.521720
0.594286
0.536015
0.496890
0.549196
0.534682
0.539798
0.474745
0.503083
0.533687
0.531467
0.547892
0.546130
0.547638
0.547494
0.527934
0.491508
0.529800
0.541786
0.529359
0.540837
0.529579
0.527955
0.528223
0.501853
0.549636
0.529476
0.553978
0.534953
0.541259
0.539648
0.546218
0.534337
0.554882
0.489640
0.539549
0.499869
0.535697
0.533987
0.488316
0.490234
0.555989
0.543519
0.545624
0.544648
0.538193
0.547649
0.530935
0.528869
0.536148
0.550106
0.540773
0.539656
0.546500
0.531076
0.546637
0.553938
0.488652
0.550014
0.488341
0.549963
0.539640
0.545467
0.535869
0.527717
0.560142
0.490038
0.542668
0.546242
0.550642
0.529885
0.545539
0.534703
0.550027
0.548561
0.500897
0.548510
0.541810
0.489130
0.546840
0.490110
0.546810
