0.011569
0.011581
0.011548
0.011592
0.011576
0.011579
0.011528
0.011875
0.011699
0.011593
0.011867
0.011926
0.011879
0.011554
0.011844
0.011759
0.011825
0.011883
0.011470
0.011531
0.011899
0.011791
0.011870
0.011358
0.011819
0.011743
0.011866
0.011483
0.011770
0.011708
0.011604
0.011637
0.011834
0.011507
0.011309
0.011533
0.011496
0.011556
0.011530
0.011807
0.011866
0.011508
0.011728
0.011625
0.011866
0.011550
0.011659
0.011282
0.011624
0.011332
0.011623
0.011362
0.011809
0.011524
0.011517
0.011879
0.011261
0.011573
0.011424
0.011863
0.011732
0.011807
0.011483
0.011621
0.011857
0.011352
0.011795
0.011619
0.011645
0.011860
0.011761
0.011642
0.011668
0.011555
0.011303
0.011840
0.011729
0.011750
0.011696
0.011826
0.011470
0.011776
0.011768
0.011639
0.011545
0.011813
0.011751
0.011271
0.011448
0.011886
0.011908
0.011898
0.011656
0.011471
0.011439
0.011709
0.011328
0.011423
0.011567
0.011889
