0.565232
0.621788
0.536134
0.615368
0.618860
0.622680
0.615672
0.579580
0.675449
0.625943
0.619556
0.643372
0.641655
0.642658
0.626686
0.642527
0.642219
0.620577
0.643368
0.608216
0.621043
0.627864
0.615033
0.643861
0.471433
0.607968
0.632985
0.645948
0.632265
0.626513
0.638137
0.615390
0.622272
0.633801
0.561083
0.608471
0.641294
0.573950
0.623435
0.545425
0.642410
0.644404
0.642336
0.540088
0.516280
0.555714
0.639024
0.618567
0.623117
0.622969
0.626924
0.608186
0.627500
0.614801
0.628130
0.641097
0.606307
0.550139
0.620910
0.640749
0.641564
0.625007
0.627110
0.638780
0.615767
0.621150
0.638835
0.619442
0.623724
0.637815
0.615192
0.640853
0.626083
0.607262
0.594731
0.625235
0.631822
0.629516
0.548195
0.626475
0.623985
0.606164
0.627342
0.615145
0.642314
0.619348
0.555997
0.630142
0.633018
0.608279
0.621204
0.540206
0.519600
0.609407
0.644495
0.614714
0.618875
0.568188
0.510116
0.638524
