0.495612
0.488878
0.506843
0.501292
0.462353
0.500032
0.455846
0.505116
0.499963
0.507466
0.503520
0.495790
0.476669
0.510183
0.447428
0.506851
0.445259
0.457466
0.500295
0.499794
0.461254
0.500263
0.452574
0.494432
0.449973
0.498646
0.490685
0.462960
0.475877
0.495412
0.453894
0.506695
0.502146
0.501652
0.504848
0.500109
0.492645
0.453331
0.505910
0.508613
0.508394
0.509656
0.492119
0.504414
0.492501
0.454473
0.502986
0.462053
0.502517
0.448388
0.493492
0.446252
0.502762
0.477633
0.475339
0.498920
0.493499
0.501121
0.506775
0.498836
0.473681
0.464153
0.503065
0.505474
0.462725
0.501409
0.488789
0.454745
0.473874
0.465113
0.497502
0.462815
0.508667
0.501681
0.465881
0.500005
0.503570
0.506158
0.477388
0.500407
0.452888
0.505348
0.474952
0.495874
0.506103
0.478026
0.495813
0.454634
0.506119
0.502166
0.503423
0.500464
0.454562
0.450399
0.502477
0.494380
0.499405
0.492246
0.507467
0.466615
