32.706435
33.128661
35.996257
35.252771
33.320124
32.369896
33.073965
33.929941
35.606947
34.108734
32.754341
35.646639
34.633805
35.681299
34.540822
34.075021
35.631715
35.876256
35.348777
35.093452
35.789591
35.392403
35.903286
35.289315
35.400469
33.311544
34.850720
35.603225
35.860874
35.841223
34.184347
35.990927
32.431448
32.862905
35.867483
35.921883
35.414312
35.219995
35.632673
34.119457
34.949077
34.294397
32.752040
32.629907
35.670656
36.091852
35.624429
38.380958
35.103436
33.987300
34.988532
33.273737
34.097032
35.430479
35.134382
33.022041
36.014499
35.899849
36.025436
32.481200
32.789297
34.397284
33.393582
33.417523
33.075131
35.619217
35.555135
33.349099
35.824940
35.897634
35.057907
33.158475
35.726951
33.122643
34.180545
35.193825
32.733577
33.608350
33.130317
32.613852
35.415364
34.002390
34.898125
35.749756
32.920650
35.353572
36.292766
35.205777
33.168329
33.117510
32.515244
32.663609
35.796624
35.389062
32.826008
32.823728
32.741802
36.573910
35.924250
35.483626
