0.053847
0.061321
0.061228
0.059761
0.054019
0.059659
0.060998
0.060442
0.055210
0.061522
0.060714
0.061055
0.061112
0.060641
0.053498
0.060374
0.059825
0.054226
0.056227
0.053978
0.060743
0.055578
0.060796
0.060987
0.061813
0.054100
0.060851
0.054005
0.060582
0.060928
0.053891
0.056308
0.054033
0.060992
0.060800
0.061237
0.060835
0.060754
0.060662
0.060594
0.058654
0.056286
0.060714
0.060746
0.060971
0.060637
0.054248
0.062173
0.061372
0.053861
0.053355
0.056079
0.053469
0.061377
0.052781
0.059714
0.061550
0.056258
0.061106
0.059662
0.062583
0.056281
0.053801
0.056304
0.060411
0.060607
0.060589
0.056230
0.059544
0.062208
0.060430
0.060594
0.061591
0.059690
0.056282
0.052847
0.060441
0.060568
0.053020
0.053878
0.059792
0.053895
0.061292
0.053850
0.061721
0.060266
0.060580
0.061421
0.059686
0.061894
0.060450
0.056382
0.061338
0.060444
0.060386
0.061195
0.053765
0.061108
0.059328
0.061305
