35.705821
34.568672
33.842139
35.959671
32.553572
34.041612
35.192653
35.760613
35.333564
34.107972
35.471890
35.174777
33.789600
32.647034
36.134881
35.872587
32.832917
32.725074
33.380638
35.684032
35.579641
34.136709
35.945611
35.985204
35.322164
33.136907
33.045065
35.641641
34.289903
35.857151
35.613765
33.994604
35.989424
34.138533
36.065287
36.114828
35.347234
32.520771
33.810954
35.845575
35.223137
32.676888
35.930031
33.178363
35.667520
35.877799
35.752027
35.459589
44.167606
35.182565
34.902169
34.422967
33.306692
34.014205
35.721700
34.484862
35.272397
32.391942
35.861452
35.684345
32.925232
34.001422
35.342973
32.607003
32.094188
32.732406
35.152447
35.826569
36.041671
35.456283
35.399209
36.078400
36.538957
35.968099
36.125723
36.103559
35.550896
35.733680
35.528760
35.527622
33.287672
35.975745
33.200788
34.070264
32.587674
36.041884
34.578939
35.358394
33.650237
32.757993
35.621926
33.483461
35.455377
35.830765
33.956571
35.663643
35.888887
35.148111
35.154033
35.710682
