0.059426
0.054690
0.057065
0.061279
0.054511
0.059462
0.057113
0.057538
0.059403
0.060402
0.060975
0.054051
0.054476
0.054729
0.060495
0.054854
0.055656
0.061169
0.054303
0.060441
0.057211
0.061078
0.057129
0.059406
0.054844
0.059279
0.054241
0.054347
0.060324
0.059478
0.056708
0.061104
0.060597
0.055339
0.053888
0.054697
0.054619
0.054210
0.059175
0.061043
0.061345
0.055386
0.054687
0.052632
0.054232
0.060302
0.061356
0.057035
0.061006
0.061278
0.059478
0.060511
0.060742
0.061076
0.060045
0.060424
0.061413
0.055451
0.059359
0.061181
0.054099
0.053628
0.061356
0.060466
0.061019
0.057195
0.060206
0.054277
0.060473
0.059385
0.060989
0.060546
0.062707
0.060989
0.059502
0.060330
0.055422
0.060152
0.060605
0.061034
0.059122
0.060425
0.054224
0.060490
0.056953
0.054310
0.056968
0.061985
0.055373
0.060345
0.054300
0.054259
0.061289
0.060972
0.057172
0.060627
0.060321
0.061253
0.059528
0.060839
