0.461798
0.504114
0.507103
0.492817
0.501879
0.500820
0.490891
0.518308
0.501622
0.475348
0.503209
0.450656
0.505609
0.456235
0.451199
0.509537
0.453524
0.507171
0.452819
0.509291
0.465954
0.451010
0.456454
0.493897
0.505711
0.507302
0.503093
0.476401
0.500486
0.510642
0.506840
0.456566
0.503386
0.451502
0.461295
0.502847
0.479560
0.476465
0.464481
0.502687
0.506293
0.471116
0.505262
0.507995
0.452315
0.508217
0.449072
0.462227
0.506219
0.580559
0.477071
0.452969
0.510550
0.504210
0.495776
0.506310
0.508461
0.500128
0.462520
0.501221
0.469997
0.475509
0.499236
0.507234
0.500834
0.451754
0.456796
0.453933
0.502383
0.505614
0.506339
0.473964
0.475695
0.474312
0.507899
0.507185
0.461557
0.496153
0.501912
0.541974
0.500771
0.501717
0.476237
0.456868
0.501150
0.494166
0.452694
0.452251
0.498100
0.507283
0.496271
0.476497
0.500510
0.451324
0.440370
0.455431
0.476980
0.507257
0.501409
0.466522
