3.580865
3.947030
4.072091
3.994481
4.042041
3.983969
4.030415
4.052693
4.071632
3.981943
3.629972
4.082034
3.599991
3.835003
3.975901
3.914560
3.791593
4.028843
3.994026
4.017713
3.747717
4.076312
3.964696
3.622903
4.059605
4.212020
4.026618
3.624562
3.606731
4.065084
4.062085
4.076624
4.039841
3.734453
3.972825
3.600907
4.036685
3.953600
3.594288
4.094761
4.086191
3.823041
4.033577
3.624314
4.077279
4.058196
3.612886
3.969411
4.048381
4.011413
3.565242
4.016746
3.622007
4.098254
4.059167
3.992648
3.990212
3.587034
4.086429
3.631675
4.060604
3.794922
4.048124
3.796056
4.049827
3.827981
3.635537
4.013530
3.741530
3.623198
3.980444
3.991307
3.609148
4.073325
3.680601
3.962673
3.808507
3.971821
4.074273
3.753301
4.044384
3.966977
3.810155
4.053974
3.640398
4.062056
3.588256
4.072031
3.986252
4.034581
3.743505
4.090263
3.712874
4.098891
4.063113
3.809907
3.792983
3.810013
4.064881
4.085983
