53.332323
53.306376
53.260899
65.680892
54.294203
53.312068
54.500953
55.052849
54.357636
53.358512
53.321189
59.042083
69.434215
53.473470
53.419151
53.400267
56.486142
53.409883
53.275657
67.082492
68.030367
53.404886
54.143936
64.081490
54.544325
55.639959
53.344316
59.677396
53.658954
53.703066
53.594863
53.634682
53.663661
53.726465
53.495172
54.794036
53.206653
54.549278
53.364884
55.087536
54.334308
54.669422
54.784242
55.057504
53.363729
53.729909
53.521392
54.470600
58.210622
56.892724
54.300708
53.410434
54.247802
56.691910
53.205759
53.395002
53.408022
53.643819
53.631724
53.633551
53.382165
53.178617
53.273103
53.307279
60.348567
53.670744
53.780676
53.664320
53.766864
53.622795
53.329428
53.366079
53.242665
57.426215
53.648608
53.229862
53.734794
53.683772
53.865897
64.156281
55.050430
66.664252
53.430487
54.719249
53.653340
63.444556
53.719857
53.564129
53.785483
54.684236
53.694318
53.770103
53.777220
53.680878
53.668157
53.619934
53.272584
53.299854
61.527724
53.041229
