0.132323
0.129405
0.127113
0.121148
0.129302
0.127199
0.127206
0.131583
0.128542
0.121034
0.132141
0.129902
0.118900
0.130257
0.131132
0.126442
0.126341
0.131168
0.125245
0.119777
0.133125
0.118321
0.126933
0.133494
0.126319
0.130719
0.129781
0.128963
0.130392
0.120856
0.130008
0.129407
0.122422
0.131457
0.128761
0.129092
0.121237
0.126314
0.130115
0.129153
0.128759
0.132081
0.120097
0.127124
0.127771
0.129311
0.130085
0.133623
0.127821
0.131857
0.131110
0.130144
0.131983
0.130856
0.126989
0.132865
0.132708
0.130771
0.128577
0.130188
0.129724
0.132292
0.125398
0.123425
0.129456
0.131636
0.121774
0.129368
0.130686
0.132236
0.130533
0.116025
0.131271
0.126719
0.127758
0.132947
0.131233
0.126196
0.131619
0.130308
0.130811
0.127852
0.132362
0.128493
0.126347
0.128032
0.124444
0.129922
0.128636
0.127839
0.125523
0.125983
0.123302
0.128019
0.125807
0.129750
0.116462
0.132971
0.129775
0.131500
