0.928357
0.940174
0.936341
0.957583
0.948791
0.938975
0.954334
0.947422
0.932461
0.906842
0.941736
1.062956
0.948935
1.076820
1.030879
0.953839
0.940983
0.942408
0.927065
0.939599
0.936627
0.969815
0.939033
0.949952
0.945182
1.001933
0.944270
0.923700
0.940290
0.959653
0.947895
0.934963
0.957509
0.943195
0.943175
0.928659
0.938403
0.958549
0.929633
0.954001
0.942941
0.954134
0.934031
0.938266
0.951001
0.943511
0.925978
0.932878
0.950840
0.954863
1.006860
0.951479
0.940458
0.928810
0.943789
0.932645
0.954694
0.936949
0.948096
0.925150
0.939952
0.933481
0.954313
0.929623
0.911574
0.940934
0.941624
0.923579
0.923708
0.927800
0.946891
0.921932
0.936798
0.948399
0.934313
0.946845
1.052684
0.945118
0.942955
0.932521
0.936798
0.933270
0.936557
0.936292
0.938274
0.932036
1.044395
0.941542
0.940007
0.948447
1.072397
0.941896
0.949521
0.940169
0.930731
0.944972
0.923328
0.952357
0.940861
0.940464
