68.155232
53.154356
53.306281
57.445541
53.216361
53.338601
57.947775
53.242947
60.891156
54.334173
63.647681
54.214009
69.666581
53.278369
69.477495
70.759422
54.166787
53.244024
53.541475
53.661156
53.569416
53.338905
68.644426
53.632134
53.791180
53.544009
53.087629
53.402999
54.144992
54.248977
53.203632
66.860879
53.332914
57.631531
53.329392
54.845285
53.070855
55.741272
53.094775
54.971850
53.395753
57.503318
53.209173
61.257369
60.823389
53.570595
53.595378
53.799954
53.716520
55.106709
54.336503
62.517960
54.172075
53.396079
53.125200
58.597840
58.956345
53.370160
54.570916
53.404637
53.369646
53.341763
53.557736
53.749846
53.737827
53.710871
53.765636
57.738196
53.623274
53.542167
53.708442
55.006106
60.084970
53.778476
53.495041
55.788515
58.997823
54.199048
53.238056
55.061020
67.677304
53.691775
53.751949
53.479253
53.274920
60.318428
53.201626
55.352619
53.406812
53.816758
53.423069
53.043954
56.822066
54.398591
53.352485
53.367292
53.344151
53.351701
53.479623
53.266848
