66.977042
69.553733
53.160414
53.430769
54.173177
53.287356
54.503970
55.537600
53.248721
54.711105
54.273577
53.245916
54.365148
53.168647
58.718203
53.217736
53.219421
53.263727
69.765142
53.339546
55.518889
55.915945
55.051518
53.218791
59.150241
53.177153
54.492631
53.212457
54.965972
67.868702
56.136533
62.657775
53.488903
54.247800
54.230837
53.320017
53.309908
54.373988
53.087399
53.457252
53.749428
53.718990
53.594279
53.252094
62.439264
53.252160
53.388807
55.483062
54.394496
55.145535
54.392982
53.345300
53.225809
57.461339
55.574088
53.303816
58.099580
53.784086
53.681865
53.663311
53.700705
53.685635
54.403254
53.525412
53.404248
54.313647
53.658520
53.683961
53.600747
53.625551
53.739754
53.682421
53.852392
53.665950
53.684885
53.714851
53.748107
53.728640
53.620064
53.586416
53.697187
53.708489
53.771930
53.320303
58.946346
53.317335
53.136443
54.109279
53.325878
57.720166
53.319176
53.212290
54.566553
57.213161
68.860760
66.838460
68.283883
66.225724
53.621283
53.584591
