6.169740
6.269511
6.730675
6.307989
6.312662
6.268774
6.386522
6.244163
6.163512
6.312350
6.395281
6.313851
6.259575
6.355204
6.431859
6.238757
6.403398
6.373561
6.377481
6.399678
6.445155
6.446123
6.461449
6.435222
6.367066
6.210502
6.441707
6.194360
6.362324
6.406690
6.350750
6.393307
6.542601
6.379972
6.350375
6.259650
6.185485
6.398300
6.329435
6.423471
6.402668
6.349662
6.649057
6.396434
6.306878
6.341442
6.425594
6.431384
6.439473
6.429166
6.290697
6.289496
6.332950
6.758631
6.934008
6.560433
6.374044
6.258491
6.541761
7.540146
6.280868
6.274636
6.028594
6.197026
6.242579
6.317068
6.232059
6.128777
6.164139
6.776601
6.130595
7.307597
6.280556
6.114754
7.237287
7.680865
6.247654
6.295054
6.329771
6.301803
6.279893
6.381901
6.198093
6.076204
6.613407
6.704338
6.218322
6.725741
6.648098
6.663332
6.261670
6.293853
5.941842
7.455114
6.196801
7.511935
6.232326
6.333211
6.969136
6.237653
