0.016633
0.016412
0.016598
0.016063
0.016032
0.017092
0.016562
0.016816
0.015885
0.016038
0.016365
0.015686
0.016907
0.017025
0.016788
0.016550
0.016536
0.016290
0.016121
0.017151
0.016794
0.016486
0.016280
0.016562
0.016299
0.016849
0.016575
0.016551
0.016436
0.016754
0.016006
0.016693
0.016801
0.016298
0.016702
0.016293
0.016086
0.016728
0.016398
0.016417
0.016576
0.016597
0.016693
0.016378
0.016219
0.016738
0.016737
0.017465
0.017350
0.016644
0.016956
0.016496
0.016360
0.016214
0.015957
0.016455
0.016688
0.016572
0.016597
0.016796
0.016967
0.015885
0.015898
0.016389
0.016721
0.016697
0.015969
0.016595
0.016718
0.016569
0.015503
0.016301
0.016310
0.016790
0.018153
0.016847
0.016590
0.016359
0.016456
0.016355
0.016245
0.016677
0.016240
0.016263
0.016349
0.016066
0.016480
0.016435
0.016398
0.016607
0.016434
0.016553
0.015904
0.016450
0.017625
0.016290
0.016402
0.016877
0.016391
0.016406
