0.016112
0.016082
0.017031
0.016683
0.016150
0.016666
0.016813
0.016840
0.016841
0.016480
0.016094
0.016328
0.016627
0.016262
0.016642
0.016120
0.016333
0.016471
0.016557
0.016267
0.016866
0.016267
0.016234
0.015789
0.016634
0.016366
0.016462
0.016316
0.016201
0.016369
0.016287
0.016298
0.016424
0.016259
0.016237
0.016252
0.016443
0.016932
0.016146
0.016343
0.016590
0.016741
0.016464
0.016692
0.016600
0.016195
0.016166
0.016030
0.016795
0.016287
0.016999
0.016349
0.016285
0.016781
0.018560
0.016595
0.016726
0.016582
0.016090
0.016720
0.016533
0.016542
0.016780
0.016242
0.016241
0.016131
0.016403
0.016415
0.016578
0.016185
0.016258
0.016289
0.016383
0.016749
0.016697
0.016738
0.016602
0.016308
0.016597
0.017000
0.016381
0.016669
0.016622
0.016534
0.016603
0.016586
0.016536
0.016344
0.016530
0.016544
0.016242
0.016384
0.016294
0.016611
0.016809
0.016410
0.016621
0.016327
0.016469
0.016569
