0.927744
0.942946
0.934847
0.953229
0.943909
0.966846
0.940493
0.921281
0.990071
0.945248
1.053147
0.943427
0.948648
0.941449
0.947439
0.933544
0.928285
0.947246
0.939278
0.953287
0.877866
0.956199
0.940838
0.959831
0.949349
0.945949
0.962874
0.930660
0.945379
0.930730
0.935571
0.938509
0.930036
0.925671
0.953182
1.053376
0.957277
0.941645
0.940839
0.940888
0.952522
0.945973
0.939552
0.943046
0.958550
1.064728
0.939783
0.947741
0.950600
0.929855
0.937700
0.944385
0.922695
0.948769
0.954549
0.938126
0.942359
0.950931
0.934266
0.937496
0.933216
0.944697
0.952404
0.906446
0.938268
0.924914
0.920813
0.917677
0.928538
0.926479
0.951361
0.944608
0.951935
0.949632
0.960476
0.946558
0.936179
0.930980
0.918021
0.930312
0.938206
0.922806
0.948838
0.949793
0.956048
0.941296
0.945393
0.954379
0.948000
0.940939
0.959223
0.948023
0.947772
0.949378
0.956564
0.954130
0.941979
0.947005
0.926960
0.922287
