5.995645
6.002549
6.009074
5.980903
6.001206
5.986671
5.992637
5.976995
5.996727
5.979665
5.990175
5.983334
5.998385
5.973330
5.991126
5.986715
5.991871
5.977180
5.993709
5.980135
5.979273
5.977535
5.994638
5.965703
5.998123
5.979122
5.991381
5.976460
6.001672
5.975975
5.992810
5.978565
5.994817
5.970228
5.987593
5.984172
5.987099
5.973935
5.989712
5.991998
5.992432
5.990636
5.998275
5.987406
6.001737
5.997814
5.990244
5.992640
6.001390
5.998198
5.997885
5.997081
6.001942
5.993248
6.000248
5.990965
5.982798
5.992101
5.987526
5.990574
5.975784
5.995401
5.993698
5.984654
5.988702
5.991268
5.983523
6.003775
5.990984
5.989379
5.986293
5.990697
5.990015
5.990216
6.006911
5.994165
5.991893
6.008102
6.002638
6.002776
6.005814
6.009442
6.006312
5.997640
6.010267
6.006705
5.996289
6.006245
6.006985
5.999358
6.006764
6.007172
6.008837
5.998847
6.011769
6.008057
5.995424
6.007240
6.015587
6.000743
