0.016592
0.016882
0.016535
0.016567
0.016215
0.016350
0.017090
0.016675
0.016399
0.015969
0.016520
0.016262
0.016921
0.016504
0.016247
0.016331
0.016269
0.016449
0.016636
0.016573
0.016429
0.017017
0.016269
0.016355
0.016189
0.016207
0.016528
0.016740
0.016263
0.016022
0.016479
0.016607
0.016469
0.016485
0.016700
0.016638
0.016671
0.016267
0.016569
0.016013
0.015925
0.016509
0.016652
0.016517
0.016319
0.016661
0.016739
0.016840
0.016810
0.015870
0.016358
0.016919
0.016426
0.016227
0.016481
0.016227
0.017059
0.015757
0.016349
0.016375
0.016374
0.016313
0.017004
0.016133
0.016397
0.016604
0.016896
0.016006
0.016655
0.016398
0.016636
0.016528
0.016768
0.015750
0.016769
0.016545
0.016024
0.016418
0.016667
0.016433
0.016024
0.016330
0.016435
0.016709
0.016152
0.016155
0.016864
0.016456
0.016690
0.016716
0.016594
0.016217
0.016314
0.016552
0.016236
0.016608
0.016324
0.016150
0.017072
0.016614
