0.016820
0.016743
0.016233
0.016270
0.016233
0.016702
0.016351
0.017350
0.016194
0.016785
0.016219
0.016703
0.016303
0.016030
0.016653
0.016326
0.016686
0.016138
0.015984
0.016352
0.016349
0.016519
0.016284
0.016429
0.016309
0.015974
0.016438
0.016207
0.016662
0.016402
0.016190
0.017421
0.016435
0.016859
0.015930
0.016422
0.016511
0.014493
0.016479
0.016648
0.016185
0.015130
0.016015
0.016211
0.016470
0.015223
0.016124
0.016352
0.016225
0.016336
0.016697
0.016168
0.014906
0.016380
0.016380
0.016573
0.016530
0.015359
0.016455
0.017075
0.016753
0.016626
0.016210
0.016382
0.016534
0.016530
0.016358
0.016629
0.016082
0.015548
0.016520
0.016441
0.016536
0.016108
0.016506
0.016701
0.016352
0.017043
0.016064
0.016652
0.016086
0.016573
0.016320
0.017060
0.016226
0.016363
0.017214
0.016539
0.016453
0.016706
0.016278
0.016512
0.016704
0.016358
0.016033
0.016737
0.016625
0.016472
0.016592
0.016617
