0.128137
0.130957
0.128990
0.130058
0.128909
0.131271
0.133204
0.132093
0.130522
0.129721
0.137432
0.133064
0.131242
0.128730
0.129330
0.127435
0.129549
0.129046
0.129489
0.131628
0.129160
0.128846
0.128379
0.130796
0.131761
0.132223
0.127652
0.133671
0.130820
0.128492
0.129389
0.129059
0.131655
0.131787
0.131772
0.128637
0.129593
0.130550
0.134658
0.132038
0.129490
0.130361
0.130588
0.134465
0.130391
0.127821
0.127672
0.129196
0.128836
0.128381
0.129725
0.131010
0.131274
0.129290
0.133736
0.131490
0.131105
0.131496
0.133170
0.134140
0.132509
0.131359
0.131208
0.127498
0.130795
0.131644
0.128697
0.133348
0.136317
0.131344
0.136848
0.133852
0.128770
0.126023
0.131375
0.132256
0.124846
0.131082
0.128813
0.128867
0.134125
0.132830
0.131196
0.128998
0.129734
0.131552
0.130624
0.131386
0.130645
0.128100
0.130921
0.130187
0.129392
0.132721
0.131302
0.128601
0.131538
0.127839
0.128186
0.129132
