0.013520
0.014098
0.014277
0.014042
0.014220
0.014145
0.013882
0.013873
0.014085
0.013962
0.014197
0.013898
0.014123
0.013437
0.013294
0.014053
0.013918
0.013202
0.014587
0.014666
0.014225
0.014335
0.014585
0.013279
0.013671
0.014457
0.014640
0.014712
0.013898
0.014349
0.014054
0.013422
0.015003
0.013726
0.014385
0.015207
0.015261
0.013428
0.014553
0.014061
0.014986
0.014357
0.014704
0.014059
0.014190
0.013742
0.014982
0.014457
0.013950
0.013958
0.014474
0.014006
0.014142
0.013707
0.014246
0.013930
0.013424
0.014357
0.013489
0.013756
0.013972
0.014659
0.013779
0.014743
0.013991
0.013330
0.014002
0.014051
0.013930
0.014249
0.014229
0.014687
0.013933
0.013791
0.013426
0.013824
0.013638
0.013615
0.014218
0.013649
0.013922
0.013232
0.013339
0.014704
0.014702
0.014601
0.013982
0.013986
0.014098
0.014176
0.014069
0.014087
0.014317
0.014946
0.013417
0.014337
0.014673
0.013335
0.014048
0.013846
