6.244358
6.427599
6.328923
6.429868
6.412913
6.352494
6.415183
6.377081
6.410312
6.385303
6.327017
6.428436
6.317916
6.361356
6.444078
6.436269
6.392306
6.448888
6.355868
7.528819
6.308157
6.203379
6.001085
6.094244
6.232342
5.995360
6.157086
6.237438
6.277008
6.264207
6.279011
6.119916
6.747178
7.546014
6.238775
6.124309
6.318911
6.821775
6.341052
6.285046
7.181777
6.322689
6.295994
6.154369
6.237611
6.253161
6.019150
6.810339
7.605242
6.324761
6.284119
5.982802
6.323650
6.274357
6.258678
6.218331
6.279308
6.341502
6.847104
6.339346
6.204682
6.387793
7.655943
6.608814
6.235359
6.211163
6.318271
6.025076
6.282279
6.789749
7.096003
6.416319
6.461408
6.156390
6.006442
6.291635
5.996678
6.329053
6.294817
6.210875
6.409871
6.436191
6.440962
6.412271
6.420894
6.419404
6.226284
6.433573
6.376252
6.402014
6.312818
6.303693
6.359213
6.384605
6.102172
6.431624
6.379910
6.433082
6.196587
7.500756
