53.720901
53.746344
54.081918
53.672542
53.753920
53.634230
53.095371
52.889974
55.651657
53.279794
54.652896
54.323843
61.328004
53.254371
53.324014
53.423793
53.261179
53.370925
66.880261
54.216493
56.848377
53.354404
53.324228
53.213426
56.029014
53.016546
53.191950
53.335549
53.121411
53.231598
60.103072
57.933664
53.558637
54.109725
53.697555
53.693909
53.646115
68.308097
54.024777
53.846412
53.654721
53.030349
53.245360
65.602600
60.294058
54.462790
54.551302
53.222752
54.456698
63.767085
54.522194
54.536101
56.022010
57.290841
53.242112
53.317134
54.254519
54.340312
53.123805
53.226791
56.776103
55.827193
53.232081
53.326334
53.575577
53.219226
53.286285
53.227783
53.210334
53.339470
53.320388
53.261798
53.731302
53.729699
53.283211
63.718248
64.425152
53.290112
58.967480
53.145615
64.191580
56.352116
58.996014
55.803015
53.278722
54.765179
58.725463
62.244994
56.351615
53.281107
53.189089
53.259716
54.639781
53.298475
62.436933
53.750404
64.260145
62.163392
64.841317
53.617962
