0.130677
0.137938
0.128433
0.133427
0.131144
0.130295
0.129939
0.131289
0.128152
0.129739
0.131978
0.126940
0.135095
0.127559
0.131748
0.136918
0.127100
0.128358
0.129937
0.127690
0.130134
0.125383
0.131725
0.131867
0.131297
0.129228
0.133749
0.131031
0.131291
0.130684
0.129720
0.127490
0.130077
0.131958
0.132627
0.125858
0.128962
0.128134
0.129637
0.127418
0.130897
0.130684
0.126665
0.121948
0.129497
0.127438
0.130230
0.130953
0.126301
0.129949
0.128703
0.129455
0.122320
0.126972
0.126365
0.125607
0.130676
0.128636
0.129547
0.130565
0.129844
0.130872
0.128847
0.131992
0.129544
0.133764
0.129976
0.126194
0.131045
0.130068
0.124973
0.129403
0.124415
0.129085
0.130747
0.126088
0.130289
0.127706
0.130220
0.131053
0.126463
0.129284
0.129574
0.130234
0.130426
0.131388
0.128893
0.128345
0.130416
0.126603
0.132599
0.131034
0.129158
0.129360
0.130225
0.130292
0.132603
0.129200
0.129014
0.130867
