0.931160
0.952266
0.939926
1.047410
0.937338
0.952073
0.949539
0.933291
1.050415
0.942444
0.955701
0.922753
1.064759
0.946414
0.942209
0.954038
0.939088
0.928788
0.888464
0.943022
0.934476
0.927484
0.930599
0.954472
0.934509
0.936173
0.948636
0.941175
0.941203
0.934865
0.920518
0.960174
0.929642
0.966407
0.942308
0.930060
0.944735
0.931406
0.931130
0.940475
0.922852
0.934436
0.933522
0.963000
0.954213
0.943460
0.961048
0.953990
0.946293
0.952613
0.930777
0.931315
0.940058
0.960262
0.958380
0.958555
0.952942
0.884613
0.911164
0.944306
0.945741
0.947238
0.948686
0.942254
0.940714
0.948701
0.952500
0.934345
0.950740
0.941671
0.942837
0.942759
0.959272
1.060684
0.942316
0.946230
0.936804
0.922315
0.936764
0.948752
0.960149
0.914217
0.952583
0.932244
0.926372
0.949915
0.937749
0.957882
0.945268
0.951040
0.949580
0.946299
0.949564
0.930933
0.918398
0.893351
0.919224
0.924501
0.909363
0.923318
