6.258662
7.156305
6.328080
6.403351
6.410851
6.447313
6.447964
6.340311
6.322547
6.431774
6.656074
6.359023
6.416673
6.665403
6.332629
6.424240
6.463686
6.439659
6.395789
6.145809
6.455489
6.359449
6.319592
6.447850
6.408634
6.412801
6.453977
6.373706
6.295658
6.908227
6.300701
6.289707
6.131734
6.289823
7.491337
6.169644
6.273889
5.927531
6.220548
6.047784
7.078698
6.221846
6.276109
6.337055
6.290341
7.608149
6.295121
6.351858
6.327942
6.173219
6.272319
6.148264
6.364592
6.666690
6.366723
7.090988
6.239966
6.894788
6.240397
6.258562
6.192054
6.259583
7.425631
6.245621
6.284522
6.239482
6.133506
6.379422
6.300620
6.206817
7.022097
6.016860
6.260986
6.286632
6.974410
6.322217
6.727581
7.702008
6.355307
7.487829
7.624828
6.172682
6.494549
6.360876
6.290171
6.041099
6.267445
6.186266
6.408480
6.380212
6.305974
7.539594
6.325772
6.355403
6.414300
6.402269
6.611935
6.416852
6.342287
6.373846
