6.083439
6.663018
6.417505
6.415157
6.436101
6.425439
6.443302
6.433998
6.095462
6.392149
6.425966
6.405652
6.436688
6.407953
6.400903
6.380227
5.962370
6.435747
6.272500
6.314419
6.355350
6.420089
6.206218
6.402802
6.422058
6.189537
6.245392
6.446563
6.231705
6.276308
6.358472
6.183363
6.249906
6.228770
6.282905
6.251901
6.571217
6.195700
6.217621
6.287814
6.773053
5.909149
6.326060
7.801684
6.146934
6.242144
5.990812
6.743211
6.769762
6.296238
6.273649
6.884317
7.177386
7.285976
6.159277
6.197817
6.245643
7.594363
6.749229
7.146733
6.289509
6.296354
6.139489
6.258504
6.263060
6.290682
6.279888
6.180801
6.229395
6.143933
6.067094
6.364379
6.252655
6.576856
6.168102
6.266950
6.176322
6.253720
6.281860
6.231163
7.650075
6.787122
7.714447
6.221574
6.304839
6.340153
6.235815
6.201053
6.299979
7.489821
6.277479
6.174449
6.901585
6.110072
6.161904
7.040965
6.231918
6.961451
6.292320
6.191359
