0.016732
0.016504
0.016412
0.016517
0.017786
0.016714
0.016763
0.017068
0.016409
0.016599
0.016447
0.017446
0.016564
0.016026
0.016624
0.016193
0.016446
0.016337
0.016119
0.016709
0.016419
0.017896
0.016783
0.016656
0.016373
0.016622
0.015910
0.016792
0.016341
0.016517
0.016245
0.016658
0.017072
0.016665
0.015990
0.016277
0.015994
0.016620
0.016747
0.016306
0.017021
0.016196
0.016620
0.016566
0.016435
0.016463
0.016339
0.016004
0.016426
0.016261
0.016359
0.016149
0.016358
0.016105
0.016638
0.016290
0.016302
0.016709
0.016280
0.016520
0.016181
0.016352
0.016251
0.016584
0.015824
0.016535
0.016389
0.016747
0.016309
0.016814
0.016693
0.016249
0.016007
0.014995
0.015418
0.016323
0.015979
0.015777
0.016356
0.016231
0.016619
0.016275
0.016660
0.015896
0.016891
0.016575
0.016678
0.016693
0.016211
0.016231
0.016404
0.015943
0.016630
0.016635
0.016846
0.015256
0.016065
0.016217
0.016454
0.016504
