6.116932
7.472847
6.288832
6.221501
6.266260
6.259557
6.830747
7.122342
7.326430
6.193828
6.238387
6.278623
6.593686
6.180364
6.179336
6.300112
6.277431
7.284946
6.273511
6.425125
6.433694
6.120640
6.199388
6.410246
6.435365
6.452318
6.325673
6.235370
6.479270
6.412424
6.452300
6.355264
6.412980
6.428763
6.314601
6.765118
6.324233
6.383521
6.343425
6.359997
6.414840
6.410226
6.434714
6.112296
6.377122
6.300185
6.393268
6.427694
6.368403
6.437138
6.121774
6.425365
6.162800
6.245005
6.370146
6.237498
6.124325
6.230955
6.269254
6.224532
6.163949
6.242334
6.245782
6.302609
6.181778
6.388854
6.335132
6.160664
6.095200
6.752844
6.363079
6.288253
5.906411
6.325566
6.326880
6.226640
6.294428
6.214755
6.058768
6.217795
6.744403
7.361928
6.381465
6.690048
6.278184
6.207544
7.074651
6.317677
6.185362
6.299361
6.380104
6.200487
6.368649
6.245569
6.325944
6.187302
6.911159
6.249664
6.348090
6.336656
