0.126262
0.127211
0.126999
0.128807
0.132131
0.128078
0.130051
0.132676
0.125406
0.131881
0.131053
0.127182
0.128821
0.129246
0.131142
0.128084
0.132335
0.133204
0.128613
0.128212
0.133005
0.128232
0.137744
0.136366
0.130954
0.131710
0.130579
0.136164
0.130381
0.125286
0.127781
0.133054
0.126086
0.129049
0.130923
0.129200
0.126781
0.131934
0.130399
0.129838
0.124640
0.129448
0.120229
0.136328
0.130922
0.130380
0.127364
0.127083
0.120106
0.128978
0.131745
0.123950
0.129224
0.127534
0.127678
0.128465
0.128224
0.130651
0.130371
0.130536
0.129576
0.129235
0.129042
0.134969
0.133210
0.127689
0.131437
0.130212
0.129663
0.132592
0.128020
0.131723
0.130855
0.130379
0.132041
0.128409
0.131532
0.130605
0.129760
0.130518
0.130968
0.131082
0.130113
0.131283
0.128526
0.129366
0.131074
0.130345
0.128888
0.128135
0.129545
0.131734
0.130721
0.128153
0.130441
0.129772
0.130205
0.125124
0.127742
0.119958
