0.900968
0.878765
0.888359
0.895788
0.858632
0.902089
0.891830
0.893061
0.883396
0.888095
0.888565
0.899947
0.896425
0.898053
0.894404
0.802697
0.875458
0.902827
0.884851
0.888642
0.850267
0.853562
0.899328
0.825358
0.894998
0.891995
0.900124
0.874528
0.802471
0.885954
0.890582
0.893698
0.890044
0.822618
0.899017
0.865098
0.885217
0.785326
0.886741
0.885918
0.894184
0.889728
0.869542
0.820450
0.902234
0.884667
0.904392
0.889223
0.881664
0.924344
0.888934
0.882143
0.894178
0.872003
0.881438
0.800323
0.882246
0.890501
0.880169
0.894570
0.898347
0.892252
0.895782
0.885716
0.918961
0.870670
0.883123
0.892272
0.889853
0.886224
0.905918
0.871319
0.880499
0.803428
0.856276
0.890369
0.800488
0.890921
0.897223
0.856541
0.840544
0.871468
0.900944
0.887436
0.904638
0.902211
0.900728
0.869923
0.793219
0.868027
0.830259
0.887315
0.905550
0.901874
0.893537
0.887254
0.893738
0.800523
0.850523
0.881772
