0.129661
0.128759
0.127673
0.127894
0.129092
0.128327
0.131518
0.130003
0.131036
0.132780
0.129202
0.131098
0.129644
0.126145
0.118493
0.121831
0.129478
0.128612
0.119902
0.130655
0.126950
0.111938
0.125725
0.129785
0.130110
0.119319
0.119583
0.126018
0.121675
0.127635
0.132998
0.124427
0.135755
0.120771
0.124927
0.129022
0.125245
0.116541
0.127025
0.133349
0.126691
0.132094
0.125502
0.128736
0.123850
0.116148
0.131837
0.125710
0.130825
0.127789
0.120908
0.132981
0.129952
0.129850
0.130430
0.126116
0.120040
0.128834
0.128793
0.131141
0.128923
0.131866
0.124631
0.123699
0.128614
0.121762
0.129023
0.129865
0.125132
0.128981
0.129111
0.131694
0.131004
0.126207
0.130312
0.127901
0.120444
0.131646
0.130143
0.129474
0.128629
0.128014
0.128384
0.131640
0.127812
0.133058
0.132544
0.127712
0.130954
0.129813
0.131220
0.127650
0.131919
0.129987
0.127653
0.130963
0.126059
0.120019
0.126017
0.131535
