0.951091
0.932820
0.949061
0.947776
0.945212
0.960513
0.938541
0.955896
0.948151
0.933829
0.953840
0.923969
0.941099
0.928477
0.919683
0.944719
0.933962
0.962939
0.942522
0.906378
0.930018
0.929942
0.935358
0.926345
0.928904
0.926594
0.917141
0.949162
0.927793
0.949762
0.956037
0.927552
0.937022
0.921710
0.946061
0.939701
0.937950
0.962914
0.943360
0.930097
0.930239
0.937057
0.946641
0.934339
0.953054
0.940963
0.926577
0.940013
0.949761
0.943055
0.949462
0.945328
0.946817
0.921542
1.072071
0.928669
0.920589
0.947608
0.935666
0.951784
0.945508
0.946380
0.964564
0.935135
0.953964
0.949366
0.941275
0.964313
0.941621
0.957964
0.943113
1.053554
0.948202
0.950126
0.936968
0.945414
0.946291
0.936182
0.939726
0.947403
0.914346
0.932468
0.955193
0.953274
0.951553
0.934221
0.930639
0.949191
0.941494
0.951031
1.056201
0.931845
0.945229
0.949693
0.955560
1.065797
1.067498
0.935875
0.951141
0.948080
