0.944478
0.929164
0.911825
0.943634
0.952000
0.922474
0.949036
0.931005
0.948256
0.935289
0.899869
0.942645
0.930574
0.944503
0.924305
0.942927
0.897783
0.895335
0.934521
0.936705
0.933440
0.911121
0.930302
0.950895
0.925650
0.949535
0.929977
0.917129
0.962192
0.908797
0.931025
0.935935
0.907576
0.933718
0.939816
0.887107
0.937614
0.939856
0.944827
0.914826
0.935591
0.937411
0.927090
0.935049
0.912072
0.943784
0.935787
0.941534
0.992251
0.951751
0.947106
0.936706
0.963756
0.916774
0.935709
0.952631
0.940444
0.948573
0.930524
0.947106
0.934903
0.954987
0.933685
0.956150
0.928040
0.961655
0.966472
0.952938
0.948759
0.957860
0.955040
0.941889
0.946885
0.938789
0.952803
0.952465
0.947209
0.948617
0.942208
0.937416
0.958444
0.933629
0.933720
0.939567
0.937535
0.941687
0.936644
0.955150
0.932576
0.925282
0.957431
0.938930
0.926213
0.930780
0.945768
0.927449
0.946026
0.941385
0.950849
0.949871
