53.715410
53.736073
53.578399
55.002855
53.551330
53.359648
53.242055
54.635776
53.274960
54.478380
54.922634
55.257858
53.149410
63.731954
54.069561
53.629745
53.724596
53.344313
53.519248
58.652972
63.624755
62.454141
57.639773
53.271533
64.481919
53.575842
53.460767
58.038906
53.421719
53.225237
67.152131
53.476311
53.189470
60.998225
54.883807
54.715685
61.878368
54.178997
58.724693
53.319679
53.286723
69.486158
56.309310
53.300333
55.022787
53.218776
53.312942
53.612590
53.317997
53.395610
53.279848
60.961395
56.784900
53.267876
56.862730
53.571316
53.667711
53.173932
55.007001
53.268210
54.035888
54.417942
56.650171
53.012866
53.257835
68.692483
66.370836
53.127455
62.452012
53.622326
53.123781
68.787450
53.676118
53.617809
53.548795
53.544928
53.336703
55.341505
60.855149
53.187378
67.076397
53.318075
53.254793
53.216233
55.617063
54.660514
53.400851
59.053050
53.393699
53.666378
53.642211
53.217365
58.296417
62.680639
53.467425
53.238980
53.354308
55.237978
53.289624
66.602734
