0.129739
0.127006
0.132443
0.126645
0.134066
0.125430
0.130309
0.121751
0.130526
0.131307
0.124276
0.124911
0.122405
0.131049
0.134168
0.126335
0.123664
0.128878
0.129956
0.124430
0.132691
0.124684
0.130977
0.132596
0.128499
0.126471
0.130060
0.131447
0.121056
0.130128
0.124563
0.125907
0.119094
0.127124
0.116392
0.124995
0.123765
0.127538
0.129178
0.130721
0.124187
0.121564
0.121600
0.123453
0.121619
0.131000
0.130199
0.132406
0.131128
0.125039
0.119605
0.117775
0.121532
0.123744
0.128082
0.131329
0.128560
0.131071
0.127686
0.129145
0.127809
0.126866
0.125206
0.129348
0.130944
0.125876
0.125376
0.129142
0.131704
0.120492
0.129759
0.126008
0.128325
0.123344
0.125788
0.129467
0.130441
0.125123
0.123372
0.129885
0.127585
0.131330
0.126880
0.130483
0.131041
0.133476
0.123990
0.121875
0.130255
0.122069
0.130712
0.131404
0.131687
0.129440
0.126748
0.130145
0.131002
0.124443
0.132849
0.125530
