0.942539
0.944724
0.938631
0.955230
0.930742
0.946660
0.937441
0.916236
0.928454
0.913627
1.007053
0.935659
0.935661
0.932421
0.935677
0.947840
0.948217
0.949814
0.944912
0.950112
0.949079
0.943254
0.956146
0.916401
0.934293
0.938556
0.928144
0.935371
0.948364
0.950502
0.955578
0.944936
0.949114
0.942296
0.932842
0.958116
1.054977
0.953638
0.936151
0.941469
0.925689
1.054076
0.948315
0.939924
0.939766
0.952131
0.939725
0.949316
0.931606
0.914405
0.931630
0.953146
0.924277
0.929825
0.945580
0.943871
0.946351
0.946113
0.945548
0.952917
1.080465
0.949741
0.945257
0.910478
0.867288
0.944474
0.929170
0.937596
0.926287
0.931582
0.924757
0.931982
1.031198
0.920552
0.945680
1.053777
0.930423
0.935122
0.950188
0.941395
0.930819
0.929220
1.067403
0.952673
0.916166
0.945339
0.934250
0.935060
0.943792
0.937016
0.931583
0.928967
0.941499
0.941833
0.935563
0.941722
0.942812
0.948690
0.934006
0.952111
