63.487918
53.257488
65.461535
53.497155
53.238925
55.862607
69.070160
53.242955
66.424517
53.353111
54.430319
59.830132
53.395334
53.272451
54.528030
67.913947
53.871440
53.603200
54.371195
53.574291
60.772616
53.327628
53.002603
53.159969
64.869738
58.447914
59.954060
53.271801
53.762145
53.784249
53.790014
53.294887
53.304039
53.298518
66.651377
53.304418
53.398634
54.479780
53.374288
62.448540
53.606144
53.651271
53.783046
54.010353
53.287765
56.833432
56.344899
60.122559
53.254830
53.742403
53.448937
53.409116
53.584037
59.747596
54.187303
53.474086
59.348643
54.859610
53.731098
65.264196
53.302799
53.338064
53.258473
53.392838
53.354761
54.566309
57.933543
53.082968
53.542905
53.376432
53.213413
56.729732
53.445215
65.832668
53.331191
53.676860
53.806781
53.474466
53.441949
54.627876
53.257288
57.367400
70.001909
63.236433
53.261948
55.498209
54.270710
53.208555
54.179270
53.349670
67.528233
53.794907
53.440651
58.189380
58.363353
63.842304
54.265342
53.272968
53.175178
54.314926
