0.016584
0.016519
0.016383
0.016308
0.016048
0.016817
0.016281
0.016743
0.016519
0.016279
0.016562
0.016515
0.015866
0.016430
0.015756
0.016051
0.016547
0.016590
0.016422
0.016420
0.016523
0.016294
0.016387
0.016525
0.016752
0.016482
0.016536
0.016593
0.015999
0.016221
0.016279
0.016320
0.016584
0.016392
0.016326
0.016745
0.016180
0.016359
0.016344
0.016589
0.016078
0.016697
0.016548
0.016700
0.016417
0.016603
0.016498
0.016608
0.016394
0.016859
0.016626
0.016315
0.016243
0.016395
0.016555
0.016484
0.016343
0.016459
0.016448
0.016464
0.015876
0.016473
0.016406
0.016373
0.016303
0.016377
0.016728
0.016370
0.016283
0.016673
0.016563
0.016933
0.016327
0.016067
0.016547
0.016573
0.015736
0.016534
0.016516
0.016093
0.016625
0.016320
0.016722
0.016493
0.016799
0.016624
0.016753
0.016263
0.016432
0.016775
0.016308
0.016418
0.017105
0.016096
0.016928
0.016499
0.016341
0.016294
0.016446
0.016282
