31.885324
31.696510
32.250357
32.386560
32.473404
31.986251
47.461102
31.799748
31.573857
31.978164
31.934709
31.839283
32.132916
31.873806
31.913108
32.609172
32.273241
31.655551
31.873235
48.404474
46.166191
32.562954
31.872871
31.936146
32.533434
32.235596
32.443123
32.341480
46.347369
32.358040
31.278023
46.693433
32.268629
32.880400
32.650926
31.714834
48.589790
32.605132
31.628806
32.705563
32.157421
32.259475
31.815591
32.764472
32.506761
32.319515
31.740916
31.338426
31.830292
32.476513
32.071617
46.466819
32.759947
32.590653
32.554880
32.232457
32.441872
32.547811
31.807910
47.774944
32.118387
31.614195
31.571960
32.338404
31.931756
31.849962
32.661249
32.375908
33.359597
31.813875
32.295737
48.985882
32.268605
31.491115
32.655261
31.794279
32.718458
32.289540
32.758522
32.118549
32.125058
32.044618
32.088085
32.242344
31.778733
32.362904
32.658559
32.550560
32.322540
32.607448
31.958489
32.570672
32.379697
32.696002
31.904772
32.467046
47.488079
32.538092
32.632094
48.030637
