6.147198
6.455661
6.407666
6.330200
6.417815
6.437574
6.240181
6.285459
7.059144
6.291372
6.267040
7.622068
6.374573
6.948377
6.277320
6.269971
6.348397
6.815732
6.834419
6.209692
6.881909
6.190917
6.259983
6.141172
6.245746
6.960098
7.391871
7.113930
7.674940
6.378475
6.404591
6.314847
6.389947
6.261856
6.298292
6.222259
6.737776
6.315634
6.706735
6.266442
6.131912
6.281689
6.267536
6.264556
6.369934
6.348180
6.763203
6.992193
7.711227
6.248979
6.304714
7.260455
7.696499
6.374143
6.034414
6.573027
6.620248
6.220141
6.348314
6.269379
6.325589
6.353878
6.149861
6.337039
6.289190
6.187421
7.276352
5.981981
6.323664
6.341758
6.283226
6.275653
6.116375
6.756958
6.184155
7.055386
6.253840
6.210879
6.020974
6.134332
6.309056
6.256182
6.624952
6.087522
6.233865
6.289128
6.219795
6.091633
6.272498
6.734252
6.721698
6.228277
6.198306
6.185630
6.160937
6.312873
6.249837
6.352855
6.223430
6.227537
