0.099745
0.106086
0.102825
0.105347
0.104959
0.107805
0.105239
0.107408
0.105094
0.104417
0.107994
0.106487
0.106260
0.105253
0.106000
0.104923
0.104679
0.103215
0.109960
0.106343
0.110415
0.107688
0.107202
0.101941
0.107314
0.105814
0.103908
0.104406
0.102298
0.099609
0.100672
0.109718
0.107972
0.102694
0.110658
0.108076
0.104154
0.100143
0.106318
0.110343
0.103266
0.104928
0.104457
0.110385
0.103839
0.102937
0.105114
0.099903
0.106311
0.098644
0.102228
0.103890
0.106926
0.102852
0.108243
0.111400
0.102252
0.107860
0.105872
0.100256
0.112675
0.104416
0.099437
0.107037
0.106573
0.103229
0.100799
0.097079
0.101760
0.102616
0.102320
0.109159
0.107303
0.110932
0.100780
0.104237
0.104729
0.101238
0.101304
0.103781
0.104807
0.099197
0.098549
0.103641
0.103626
0.104919
0.107939
0.100602
0.095779
0.108712
0.100267
0.106483
0.101797
0.102958
0.098172
0.104055
0.105742
0.106199
0.107488
0.103074
