0.007427
0.007191
0.007206
0.007876
0.007931
0.007169
0.007180
0.007165
0.008012
0.007054
0.007503
0.007949
0.008062
0.007928
0.007947
0.008032
0.007930
0.007411
0.007964
0.007985
0.007685
0.007999
0.007972
0.007473
0.007222
0.007513
0.007216
0.007969
0.007163
0.007999
0.007456
0.008008
0.007647
0.007197
0.007162
0.007212
0.007258
0.007930
0.007930
0.008469
0.008036
0.007166
0.007955
0.007178
0.007989
0.007328
0.007992
0.007999
0.007351
0.007942
0.007117
0.008002
0.007123
0.007934
0.008103
0.007992
0.007194
0.007923
0.007280
0.008050
0.007925
0.007108
0.007176
0.007417
0.007979
0.008034
0.007753
0.007929
0.008041
0.007971
0.007894
0.008004
0.007310
0.008047
0.007124
0.007236
0.007159
0.007951
0.007723
0.007213
0.007697
0.007140
0.008001
0.007715
0.007931
0.007987
0.007157
0.007995
0.007930
0.008051
0.008047
0.007290
0.008001
0.007189
0.007730
0.007124
0.007906
0.007970
0.007172
0.007211
