0.055913
0.052183
0.054037
0.052580
0.054647
0.052889
0.054378
0.054371
0.052499
0.054415
0.052993
0.059139
0.056109
0.054728
0.060536
0.051676
0.052662
0.052961
0.060134
0.060143
0.055262
0.052682
0.058162
0.054592
0.052648
0.052757
0.054627
0.054756
0.055102
0.053949
0.053391
0.054420
0.054659
0.052608
0.052966
0.054683
0.054534
0.054463
0.054652
0.057430
0.054794
0.054147
0.054195
0.053260
0.053398
0.053363
0.054735
0.055260
0.053354
0.054616
0.053069
0.054756
0.052537
0.054341
0.053349
0.053996
0.054245
0.054361
0.054571
0.054425
0.053371
0.054326
0.052087
0.053628
0.060049
0.054640
0.054013
0.058678
0.053404
0.053398
0.052105
0.055906
0.059116
0.054465
0.054057
0.054842
0.054601
0.057163
0.056014
0.052925
0.060240
0.060951
0.055208
0.056150
0.054723
0.054140
0.055041
0.053004
0.053348
0.054821
0.053136
0.055297
0.057141
0.061292
0.054165
0.054455
0.054321
0.054442
0.052966
0.054512
