0.055072
0.054242
0.055348
0.054160
0.054434
0.054838
0.054180
0.055505
0.054044
0.054930
0.055829
0.055991
0.054463
0.056084
0.054290
0.054154
0.056138
0.055609
0.055296
0.054540
0.053744
0.054634
0.054076
0.054177
0.054375
0.053897
0.054399
0.054083
0.054531
0.055562
0.054297
0.055529
0.054158
0.055340
0.054877
0.055692
0.054639
0.055782
0.056350
0.055804
0.054901
0.055203
0.054375
0.054028
0.054950
0.055921
0.054887
0.055617
0.054998
0.056061
0.054476
0.053610
0.055594
0.055422
0.054378
0.054708
0.056261
0.053911
0.055665
0.056051
0.055792
0.055669
0.054735
0.054320
0.056144
0.053939
0.054058
0.054737
0.054707
0.056008
0.055976
0.055450
0.055484
0.055154
0.055991
0.054395
0.056006
0.055280
0.057744
0.054604
0.055210
0.055288
0.054287
0.055989
0.053995
0.055199
0.054607
0.055839
0.054953
0.055607
0.054705
0.055240
0.055544
0.054706
0.055605
0.055456
0.056589
0.055288
0.055264
0.055543
