4.085360
4.069933
3.975471
3.607601
4.146621
4.059579
4.005542
4.125849
3.605802
3.577520
4.067541
4.115768
3.601747
4.148312
4.050575
3.798363
3.886249
3.991971
3.697939
3.961219
4.100423
4.073600
3.592421
3.805121
3.591019
4.061696
3.603335
4.171451
3.905106
3.776496
3.799462
4.089814
4.096714
4.065905
3.639621
4.045319
4.044182
4.067403
4.076292
3.811123
3.709195
3.961116
3.782086
4.081666
3.618547
3.627897
3.768008
3.992120
3.594731
4.019317
4.097820
4.023188
3.618459
4.053271
4.032355
3.679687
4.099578
3.637030
4.071966
3.643224
3.622779
4.058647
3.974420
4.083009
3.618975
4.039503
4.019086
4.037563
3.886959
4.109547
4.089726
3.932786
4.027936
4.036197
3.977389
4.058917
3.934286
4.105938
4.015309
4.008457
4.027094
4.042147
3.581611
3.628067
4.077706
4.058476
3.766757
4.065756
3.982781
3.600540
3.549307
3.621634
4.074470
4.012426
4.023982
3.783562
4.059152
4.085679
4.071249
3.615542
