3.649368
4.316069
3.639225
4.065258
3.829234
3.558970
3.609158
3.555520
3.677989
3.664807
3.627407
3.568759
3.571379
3.658118
3.674156
3.650132
3.641748
3.558829
3.729455
4.016908
3.457074
3.690085
3.655403
3.671985
4.855411
3.681469
3.918597
4.797824
3.707859
4.179942
4.364758
3.640277
3.745123
3.674583
3.686786
4.322661
3.668380
3.634832
3.793670
3.975909
4.894951
3.585245
3.547895
4.456533
3.651431
4.248434
4.175650
3.634754
3.589048
3.692320
3.756771
3.702335
3.529091
3.664772
4.578039
4.940374
3.681588
3.564580
3.551838
3.880334
3.580504
3.605198
4.873706
3.672155
3.603430
4.065209
3.637538
3.896335
4.009133
3.574156
3.557255
3.718742
3.596239
3.603639
3.594113
3.681427
3.567539
3.527323
4.249593
3.530612
3.592112
3.540291
3.577363
3.518193
3.564568
3.551485
3.674960
3.602074
3.712490
3.611407
4.329370
3.565123
3.527984
3.623118
3.699019
3.684415
3.521716
3.556248
3.889540
3.645963
