33.021345
32.759412
32.981008
33.041407
32.906318
33.065248
33.143666
33.581209
32.825472
33.138729
33.337091
32.859884
33.099944
32.734150
31.884050
31.852698
32.390959
31.865962
32.383385
32.478092
32.361003
32.220697
31.897080
32.046501
31.802878
32.318951
31.951239
32.468495
31.865592
32.674393
31.951621
32.162778
31.470485
32.534571
32.346407
32.361817
31.920863
31.314063
32.396008
31.792027
32.168211
32.795740
32.381319
32.125672
32.527178
31.938652
32.471550
31.983895
32.247669
31.472811
32.675371
32.339522
32.407083
31.380071
31.685318
32.140690
31.772055
32.486242
32.327932
32.483769
32.265132
32.100273
32.565050
31.647241
32.614568
31.977421
32.614606
32.389771
31.871461
32.661023
31.972701
32.384770
32.810071
32.418829
32.150320
31.943828
31.889116
32.262488
32.466266
32.270088
32.327684
32.864996
31.433513
32.500562
32.320489
32.407512
32.383477
31.872973
31.986416
32.121189
32.448561
32.374745
32.102128
32.003157
32.030188
32.577320
32.569258
32.009414
32.319509
32.232244
