0.466933
0.447090
0.456683
0.510510
0.457024
0.450378
0.463505
0.463492
0.540488
0.531338
0.484352
0.502076
0.452758
0.453551
0.458952
0.456730
0.453972
0.457858
0.440852
0.436034
0.433996
0.445720
0.443445
0.535226
0.445523
0.442703
0.455513
0.452803
0.454486
0.455139
0.444904
0.438747
0.444226
0.454445
0.455699
0.452700
0.449000
0.442988
0.459936
0.450375
0.459206
0.443939
0.445423
0.460168
0.439431
0.460312
0.456827
0.464481
0.447423
0.448688
0.461530
0.442961
0.462196
0.528186
0.453639
0.456402
0.539332
0.446346
0.443600
0.530620
0.449629
0.452754
0.458665
0.439337
0.449684
0.457332
0.449022
0.449815
0.445544
0.438811
0.455266
0.457785
0.438295
0.455259
0.452223
0.452088
0.447789
0.449241
0.452168
0.452667
0.456956
0.462887
0.462527
0.464316
0.444567
0.455371
0.452768
0.443839
0.458837
0.461849
0.525740
0.445669
0.452178
0.451404
0.443844
0.461553
0.454570
0.455252
0.525139
0.448922
