0.007383
0.007322
0.007273
0.007417
0.007320
0.007328
0.007518
0.007471
0.007378
0.007650
0.007470
0.007477
0.007459
0.007360
0.007501
0.007373
0.007518
0.007243
0.007483
0.007449
0.007446
0.007825
0.007277
0.007519
0.007427
0.007266
0.007274
0.007451
0.007442
0.007517
0.007249
0.007405
0.007515
0.007582
0.007472
0.007466
0.007254
0.007598
0.007369
0.007273
0.007403
0.007453
0.007222
0.007507
0.007351
0.007451
0.007370
0.007494
0.007346
0.007243
0.007281
0.007455
0.007451
0.007466
0.007425
0.007544
0.007482
0.007415
0.007163
0.007275
0.007128
0.007378
0.007195
0.007386
0.007468
0.007141
0.007475
0.007548
0.007550
0.007542
0.007504
0.007112
0.007376
0.007216
0.007429
0.007444
0.007242
0.007266
0.007556
0.007391
0.007292
0.007342
0.007499
0.007464
0.007528
0.007261
0.007496
0.007401
0.007369
0.007430
0.007456
0.007469
0.007285
0.007214
0.007531
0.007448
0.007272
0.007172
0.007461
0.007509
