0.514405
0.546465
0.537349
0.505779
0.561661
0.512296
0.454013
0.560709
0.551850
0.557357
0.452605
0.450060
0.541687
0.472817
0.553728
0.506759
0.544500
0.456771
0.541524
0.439389
0.543387
0.548374
0.490086
0.455554
0.468590
0.521909
0.453384
0.531481
0.443125
0.533435
0.455120
0.448047
0.439549
0.521172
0.451068
0.534024
0.435330
0.479822
0.541433
0.469558
0.522618
0.459044
0.462241
0.455304
0.439801
0.442951
0.455899
0.454376
0.482820
0.445819
0.452059
0.454437
0.441040
0.450709
0.454716
0.455754
0.438279
0.450697
0.441073
0.454852
0.448539
0.450093
0.454156
0.446767
0.439212
0.455408
0.444131
0.454399
0.451961
0.440209
0.444907
0.439867
0.440021
0.452209
0.434134
0.452045
0.444814
0.451052
0.452364
0.457971
0.454562
0.454661
0.534266
0.454343
0.446346
0.437365
0.433993
0.449965
0.455450
0.445678
0.454649
0.445342
0.439914
0.461271
0.550313
0.447170
0.533468
0.440348
0.525219
0.475943
