0.008331
0.008787
0.008356
0.008358
0.008324
0.008419
0.008346
0.008418
0.008426
0.008306
0.008401
0.008333
0.008298
0.008304
0.008298
0.008467
0.008289
0.008349
0.008392
0.008464
0.008434
0.008464
0.008337
0.008262
0.008275
0.008312
0.008368
0.008451
0.008257
0.008432
0.008355
0.008269
0.008501
0.008417
0.008425
0.008477
0.008288
0.008393
0.008460
0.008398
0.008307
0.008309
0.008321
0.008390
0.008466
0.008222
0.008418
0.008404
0.008452
0.008304
0.008307
0.008312
0.008350
0.008294
0.008403
0.008300
0.008299
0.008451
0.008265
0.008319
0.008315
0.008445
0.008641
0.008435
0.008394
0.008429
0.008389
0.008374
0.008364
0.008392
0.008337
0.008344
0.008287
0.008436
0.008288
0.008194
0.008319
0.008291
0.008279
0.008596
0.008317
0.008436
0.008248
0.008436
0.008360
0.008256
0.008284
0.008278
0.008211
0.008379
0.008258
0.008366
0.008348
0.008368
0.008292
0.008282
0.008402
0.008394
0.008465
0.008374
