52.942100
52.936977
52.946849
52.976145
52.964426
52.991616
52.947380
53.060085
52.883894
52.926523
52.933122
52.948807
52.965894
52.979217
52.954185
52.921077
52.994557
52.914988
52.956916
52.878915
52.857259
52.843958
52.931819
52.968805
52.928977
52.901495
52.921139
52.878375
52.890788
52.911054
52.920098
52.959799
52.915525
52.914984
52.924787
53.005289
52.908082
52.978209
53.013494
52.919739
52.916211
52.957925
52.981664
52.912330
52.909635
53.059643
54.113518
52.879725
52.963651
52.978247
52.975634
52.831017
52.932219
52.955867
52.939566
52.877863
52.949426
52.890463
52.870681
52.877844
52.864401
52.867400
52.946398
52.886464
52.889308
52.875896
52.890411
52.963051
52.986917
52.890956
52.890507
52.907933
52.901476
52.845329
52.881885
52.849205
52.817061
52.818948
52.857740
52.853858
53.072711
53.090102
52.744761
52.894076
52.707605
52.769761
52.849602
53.027255
53.064273
52.838920
52.810886
52.908341
52.979302
52.922457
53.099648
53.081848
53.089043
52.935206
52.753713
52.730086
