0.007080
0.007975
0.007879
0.008108
0.008126
0.008058
0.008020
0.007368
0.007138
0.008115
0.007754
0.007822
0.007779
0.007956
0.007901
0.008084
0.007770
0.008000
0.007871
0.007748
0.007041
0.007550
0.008020
0.008734
0.007035
0.008034
0.007043
0.007372
0.007117
0.007911
0.007107
0.007379
0.007082
0.006884
0.008048
0.007085
0.008057
0.008092
0.007029
0.007964
0.007978
0.008049
0.007056
0.008055
0.007058
0.007375
0.007061
0.007860
0.007974
0.007053
0.007769
0.008078
0.007876
0.007975
0.007761
0.007922
0.008013
0.007984
0.007817
0.007056
0.007811
0.007978
0.007760
0.008074
0.008100
0.007068
0.007946
0.008007
0.007905
0.007911
0.007886
0.007943
0.007985
0.007790
0.007978
0.007934
0.008069
0.008003
0.007133
0.007983
0.008051
0.007776
0.007761
0.008077
0.008125
0.007739
0.007906
0.007093
0.007819
0.008274
0.008058
0.007072
0.008062
0.007904
0.008063
0.007081
0.008101
0.007388
0.007990
0.007079
