0.009793
0.009811
0.009808
0.009812
0.009823
0.009817
0.009814
0.009787
0.009822
0.009818
0.009827
0.009798
0.009818
0.009797
0.009825
0.009809
0.009821
0.009814
0.009809
0.009803
0.009813
0.009817
0.009819
0.009811
0.009812
0.009815
0.009811
0.009794
0.009803
0.009810
0.009802
0.009809
0.009820
0.009825
0.009820
0.009816
0.009814
0.009822
0.009799
0.009815
0.009799
0.009822
0.009815
0.009813
0.009796
0.009823
0.009823
0.009824
0.009831
0.009808
0.009814
0.009818
0.009818
0.009812
0.009833
0.009812
0.009818
0.009809
0.009825
0.009822
0.009814
0.009802
0.009810
0.009812
0.009805
0.009835
0.009793
0.009815
0.009802
0.009793
0.009807
0.009805
0.009810
0.009808
0.009802
0.009811
0.009814
0.009808
0.009814
0.009796
0.009821
0.009812
0.009822
0.009827
0.009828
0.009818
0.009820
0.009809
0.010063
0.009808
0.009802
0.009818
0.009812
0.009783
0.009832
0.009787
0.009803
0.009831
0.009803
0.009803
