6.008093
6.010857
5.993692
6.008713
6.014685
5.999596
6.015398
6.016713
6.008552
6.006530
6.011084
6.008938
5.994003
5.999976
5.990736
6.009740
5.987554
6.012370
5.964865
5.995757
5.991517
5.989582
5.996604
6.005175
5.986184
5.995141
5.994679
6.003877
5.981794
5.994451
5.996351
5.992772
5.987614
5.986223
5.989845
5.982085
5.988823
5.991932
5.984671
5.990479
5.989816
5.977982
5.984432
5.992614
5.987973
5.984415
5.991789
5.993552
5.988818
5.992909
5.992597
5.997044
5.989128
5.993614
5.978291
5.981941
5.987239
5.988695
5.983018
5.985809
5.990187
5.994008
5.990945
5.996172
6.001525
5.991764
6.000798
5.996244
5.990816
5.996993
5.992703
5.996885
5.983407
5.996292
5.981242
5.980229
5.978686
5.993992
5.974027
5.987351
5.976869
5.986019
5.973182
5.990190
5.987803
5.984181
5.988345
5.988306
5.983626
5.991704
5.987223
5.989437
5.987186
5.990272
5.986196
5.981477
6.002584
5.996624
5.992089
5.992430
