0.057183
0.061294
0.060416
0.054726
0.060662
0.060854
0.054284
0.054728
0.060381
0.054844
0.059986
0.054740
0.060386
0.055405
0.060445
0.060398
0.061482
0.055291
0.060963
0.061085
0.054776
0.060492
0.061170
0.055102
0.061424
0.060703
0.055085
0.057211
0.059707
0.060380
0.055098
0.060582
0.061214
0.055009
0.055135
0.055041
0.054710
0.061101
0.054545
0.061058
0.054233
0.054638
0.060905
0.059413
0.059269
0.060694
0.059286
0.060646
0.059330
0.057032
0.057070
0.061194
0.060328
0.060631
0.057120
0.060589
0.060479
0.060455
0.054120
0.061031
0.059248
0.059165
0.059031
0.053792
0.060293
0.061392
0.060961
0.061349
0.060441
0.060516
0.059279
0.060799
0.054306
0.059388
0.054329
0.057052
0.060611
0.060581
0.057047
0.061225
0.054469
0.053076
0.053088
0.054775
0.061299
0.061152
0.062121
0.055526
0.061018
0.057031
0.055617
0.060514
0.054366
0.061197
0.061430
0.061234
0.058961
0.054556
0.060519
0.060434
