3.807772
3.829528
3.792909
3.863458
3.805993
3.784288
3.713297
3.744485
3.808478
3.741019
3.845953
3.811801
3.719240
3.850311
3.686894
3.655765
3.791481
3.831612
3.779705
3.773509
3.819302
3.813528
3.769697
3.788160
3.822976
3.768012
3.689518
3.774940
3.740521
3.766000
3.805769
3.827606
3.804991
3.815472
3.780234
3.779940
3.820496
3.848343
3.828687
3.752119
3.863104
3.813763
3.784324
3.760774
3.826092
3.707612
3.832082
3.723287
3.882976
3.752506
3.830556
3.771405
3.760699
3.938540
3.888132
3.672812
3.766134
3.792629
3.726824
3.739300
3.772471
3.734004
3.800875
3.783783
3.785147
3.783288
3.812540
3.726647
3.850361
3.860227
3.862201
3.854187
3.765382
3.772580
3.860543
3.783410
3.772870
3.824830
3.787152
3.790353
3.804197
3.772048
3.806922
3.762105
3.743289
3.741526
3.751448
3.775110
3.780840
3.773832
3.777128
3.844672
3.787643
3.791862
3.790260
3.755801
3.868671
3.748998
3.855290
3.707553
