0.007936
0.007819
0.007885
0.007912
0.007854
0.007963
0.007867
0.008258
0.007935
0.007721
0.007726
0.007920
0.007671
0.007941
0.007929
0.007872
0.007852
0.007814
0.007798
0.007909
0.007815
0.007770
0.007957
0.007927
0.007902
0.007635
0.007857
0.007939
0.007890
0.007909
0.007840
0.007713
0.007847
0.007768
0.007701
0.007861
0.007738
0.007855
0.007711
0.007956
0.007831
0.007759
0.007812
0.007748
0.007761
0.007925
0.007821
0.007987
0.007828
0.007644
0.007723
0.007712
0.007686
0.007918
0.007912
0.007772
0.007690
0.007819
0.007806
0.007703
0.007921
0.007950
0.007982
0.007809
0.007855
0.007781
0.007932
0.007831
0.007964
0.007890
0.007765
0.007951
0.007896
0.007884
0.007799
0.007804
0.007674
0.007800
0.007802
0.007783
0.007701
0.007953
0.007792
0.007938
0.007911
0.007822
0.007775
0.007853
0.008015
0.007656
0.007815
0.007914
0.007894
0.007797
0.007660
0.007718
0.007817
0.007801
0.007692
0.007881
