0.057486
0.058885
0.059314
0.058397
0.059453
0.059230
0.059112
0.057844
0.058141
0.058614
0.058250
0.057299
0.057929
0.057685
0.058767
0.057722
0.059477
0.056878
0.058748
0.057532
0.059317
0.059323
0.058973
0.057988
0.057850
0.058807
0.058709
0.058645
0.058331
0.056073
0.056711
0.057437
0.058243
0.059121
0.058859
0.057858
0.058907
0.056233
0.058561
0.058338
0.057026
0.058277
0.056467
0.058050
0.058891
0.058159
0.058177
0.058329
0.059228
0.057932
0.058534
0.059254
0.058487
0.058623
0.056694
0.058174
0.056527
0.058129
0.058138
0.058086
0.058997
0.056423
0.056695
0.058102
0.058830
0.058109
0.057942
0.057959
0.059383
0.058969
0.059318
0.058013
0.059141
0.058309
0.059137
0.059401
0.057739
0.056566
0.058679
0.058497
0.057849
0.059038
0.057779
0.058988
0.057827
0.056622
0.057616
0.057877
0.059116
0.059022
0.058068
0.058119
0.058589
0.058142
0.059446
0.057978
0.055337
0.058029
0.058044
0.058006
