3.592762
3.604199
3.600322
3.496651
4.516856
3.570228
3.541667
3.606340
3.596863
3.492347
3.447102
3.532626
3.514523
3.512661
3.566916
4.519269
3.562291
3.591184
3.516978
3.478724
3.576812
3.465129
4.526092
3.499882
3.546770
3.587099
3.505517
3.486797
3.562971
3.540946
3.974081
3.586817
3.605268
3.442752
3.441521
3.615536
3.532273
3.491868
3.575978
3.550591
3.472080
3.519539
3.594338
3.538488
3.525482
3.531184
4.263859
3.546425
4.425270
3.482540
4.093585
3.609045
3.440167
3.551480
3.523381
3.573422
3.491753
4.731510
3.588459
3.506291
4.113504
3.516444
4.258211
3.455514
3.914823
3.489319
3.547559
3.576149
4.022262
3.504087
3.509644
3.576222
3.573797
3.792448
3.516665
3.580487
4.839911
3.509087
3.962141
3.439961
3.581658
3.488796
3.584731
3.486788
3.507818
3.574310
3.467005
3.498379
3.535122
3.603814
3.509543
3.604122
3.533134
3.567635
3.496197
3.577676
4.055561
3.499337
3.530053
3.593030
