0.707591
0.708596
0.708896
0.709311
0.709452
0.709417
0.709100
0.709407
0.709073
0.708849
0.708995
0.708934
0.709308
0.708659
0.708847
0.708429
0.708588
0.709258
0.709477
0.709175
0.709275
0.708999
0.708710
0.708479
0.709023
0.710134
0.708850
0.708908
0.708626
0.709489
0.708356
0.709671
0.708591
0.710350
0.708797
0.708723
0.708610
0.709363
0.708474
0.708818
0.708350
0.708740
0.709127
0.709102
0.709484
0.708547
0.708875
0.709083
0.709381
0.709293
0.709051
0.709195
0.709358
0.709511
0.709519
0.708701
0.708588
0.708405
0.708625
0.708883
0.709425
0.709076
0.709628
0.725772
0.709140
0.709053
0.708394
0.708890
0.709274
0.708621
0.709403
0.709187
0.708857
0.708824
0.709587
0.708869
0.709369
0.708570
0.708978
0.709254
0.708835
0.709215
0.708852
0.708964
0.709542
0.708897
0.709328
0.708658
0.708980
0.709361
0.708586
0.708483
0.708635
0.708960
0.710413
0.709915
0.710047
0.709422
0.709261
0.708758
