3.699380
3.722442
4.022452
4.006480
4.115356
3.936018
3.834089
3.840588
4.091546
3.747287
4.070520
4.024755
4.055205
3.984566
4.053064
3.997332
3.731626
4.060312
4.097352
4.016821
4.073912
4.102946
3.709600
4.072841
3.760876
4.038383
4.083822
4.080960
4.077658
4.077557
4.085066
4.004678
3.680129
3.710952
4.081955
3.664215
3.676825
3.709977
4.063898
3.686029
3.990442
4.028177
4.067568
4.085135
4.043783
3.693350
3.717336
4.047834
4.089597
4.051726
3.669262
3.716198
4.097591
3.611529
3.839263
3.882499
3.841724
4.078811
3.734035
3.941461
3.689657
4.018503
3.815068
3.859583
4.001648
3.966064
3.908114
4.047663
4.057450
3.678184
3.806600
4.069011
4.063995
3.680906
3.707521
3.767466
3.755419
3.977288
4.024028
3.999394
3.755652
3.730077
4.131283
4.030863
3.841962
4.030036
4.026206
4.058478
3.731062
4.075378
3.781888
3.998361
3.680831
4.059370
3.632686
4.045118
3.668891
4.038515
3.991051
4.073561
