0.082569
0.082506
0.082528
0.082534
0.082584
0.082508
0.082603
0.082528
0.082562
0.082626
0.082573
0.082558
0.082581
0.082632
0.082623
0.082607
0.082601
0.082599
0.082584
0.082609
0.082624
0.082650
0.082591
0.082679
0.082564
0.082604
0.082535
0.082489
0.082554
0.082517
0.082537
0.082565
0.082514
0.082541
0.082593
0.082587
0.082615
0.082530
0.082615
0.082544
0.082597
0.082565
0.082601
0.082567
0.082601
0.082591
0.082604
0.082611
0.082657
0.082550
0.082628
0.082609
0.082576
0.082557
0.082574
0.082596
0.082557
0.082567
0.082530
0.082565
0.082645
0.082554
0.082559
0.082577
0.082626
0.082548
0.082567
0.082593
0.082525
0.082572
0.082620
0.082595
0.082551
0.082506
0.082578
0.082650
0.082539
0.082569
0.082633
0.082613
0.082606
0.082549
0.082579
0.082590
0.082573
0.082637
0.082620
0.082605
0.082594
0.082609
0.082665
0.082556
0.082602
0.082568
0.082624
0.082575
0.082566
0.082672
0.082636
0.082563
