32.023907
32.532695
45.540918
32.517940
32.528609
32.370020
34.534088
31.524648
41.917497
40.076280
31.918316
36.833161
46.756611
31.606854
32.159107
31.742407
32.327284
31.733054
32.240486
32.389699
34.204875
32.189096
38.959132
31.203346
47.103826
31.353616
40.270938
43.756604
39.221287
32.238029
33.274608
32.424451
44.619457
43.175885
35.047602
31.656020
31.784333
35.261360
31.831286
31.325663
37.761484
43.066934
31.801022
31.408641
33.280684
36.097731
37.679297
42.438200
32.382096
31.667267
32.154370
32.199024
37.862374
31.655538
33.605486
43.494322
31.555538
31.600612
32.373682
32.348985
31.873914
32.504239
33.307364
32.517397
32.117359
31.818279
32.378377
31.644897
32.558582
34.377742
34.226861
32.450174
32.060778
35.616520
39.689270
33.871818
31.389970
44.862156
40.623296
31.557952
38.764009
33.162526
31.795430
43.194771
44.199155
31.278833
33.432729
44.821639
32.343645
40.561052
32.578067
31.950435
31.651841
33.816011
35.094519
31.389143
32.378572
32.216315
32.528489
31.988680
