0.490275
0.484868
0.480842
0.480749
0.482193
0.493004
0.479073
0.473674
0.486740
0.464938
0.479010
0.483966
0.472735
0.483011
0.475785
0.486739
0.475729
0.479016
0.492931
0.484699
0.476789
0.474027
0.493609
0.474661
0.465341
0.462166
0.469199
0.476203
0.472026
0.471994
0.482048
0.481538
0.484263
0.479998
0.467501
0.486738
0.476692
0.477394
0.486850
0.460142
0.465129
0.471384
0.485269
0.477425
0.480952
0.476732
0.474721
0.475267
0.475549
0.474690
0.477223
0.488206
0.475726
0.474403
0.467735
0.479089
0.480648
0.478577
0.474696
0.471966
0.463367
0.486256
0.485465
0.481146
0.466641
0.477445
0.487493
0.474716
0.463493
0.476214
0.486387
0.477512
0.480456
0.475488
0.484362
0.474245
0.469768
0.474610
0.470727
0.484566
0.488371
0.468009
0.463681
0.477690
0.493134
0.487667
0.493593
0.483341
0.487414
0.489384
0.474020
0.463690
0.482003
0.478397
0.475523
0.482784
0.467612
0.483971
0.476028
0.468769
