0.495023
0.512629
0.497604
0.502546
0.438810
0.469133
0.449480
0.495680
0.500741
0.503824
0.463917
0.513986
0.502276
0.449822
0.505785
0.502839
0.501251
0.506052
0.597753
0.448369
0.508571
0.503694
0.507470
0.513147
0.495300
0.507829
0.505038
0.449085
0.470110
0.448787
0.508901
0.504567
0.470385
0.447820
0.500179
0.499844
0.500077
0.450045
0.510113
0.494967
0.500503
0.495953
0.448143
0.503751
0.503700
0.494928
0.504917
0.505946
0.504843
0.504284
0.447096
0.509629
0.450174
0.450106
0.510347
0.506629
0.501672
0.449091
0.468481
0.501076
0.508785
0.505448
0.505889
0.503287
0.507768
0.509628
0.448664
0.449507
0.448260
0.506255
0.506933
0.448979
0.467986
0.447823
0.508286
0.447275
0.471078
0.501895
0.500191
0.470192
0.505153
0.496902
0.508813
0.449578
0.469908
0.470987
0.512596
0.503072
0.513687
0.509530
0.501663
0.469789
0.513935
0.470542
0.496409
0.507514
0.470735
0.506583
0.509728
0.448048
