31.750092
35.289029
31.977079
42.334012
33.022119
33.281648
32.916857
33.170394
33.022524
32.326166
41.148253
32.991114
33.239990
35.707538
39.033037
31.860276
32.114560
35.426276
39.686844
36.357538
39.417920
33.336608
43.057549
38.513928
32.731245
33.042829
34.618923
33.103087
33.009932
34.759057
33.980915
43.229049
45.085492
37.939240
32.998191
34.904019
33.992683
41.359085
33.502622
40.311649
31.993822
32.181409
32.135741
33.355873
33.392097
32.474441
32.543985
33.129270
31.923527
33.150624
40.766984
32.627090
31.842407
33.153924
32.369624
32.098206
32.145801
32.925725
32.818402
34.396239
42.501652
33.389630
45.568252
40.098930
43.636003
33.162683
31.795043
32.867001
33.003414
31.803391
32.785575
34.428381
33.879376
32.997715
33.742002
32.044718
38.301105
32.846839
32.940170
45.140034
44.281744
32.764234
32.174676
35.608776
43.458406
33.280423
34.238671
35.487310
37.641511
32.292711
33.029471
32.939984
31.783630
33.331544
32.768890
32.991323
34.419412
33.652487
38.640639
41.488249
