0.007997
0.007856
0.007957
0.007891
0.007427
0.007990
0.007868
0.007470
0.007582
0.007887
0.007891
0.007953
0.007375
0.007884
0.007925
0.007460
0.007868
0.007960
0.007560
0.007860
0.007894
0.007893
0.007608
0.007403
0.007453
0.007952
0.007423
0.007478
0.007628
0.007894
0.007434
0.007942
0.007845
0.007412
0.007408
0.007892
0.007359
0.007849
0.007873
0.007577
0.007933
0.007416
0.007980
0.007425
0.007948
0.007426
0.007596
0.007331
0.007810
0.007972
0.007967
0.007858
0.007833
0.007430
0.007818
0.007861
0.007578
0.007909
0.007468
0.007436
0.007698
0.007592
0.007126
0.007527
0.007477
0.007352
0.007832
0.007437
0.007914
0.007440
0.007848
0.007955
0.007902
0.007154
0.007336
0.007839
0.007910
0.008015
0.007407
0.007589
0.007298
0.007859
0.007771
0.007338
0.007914
0.007524
0.007517
0.007890
0.007408
0.007496
0.007921
0.007863
0.007411
0.007906
0.007927
0.008000
0.007615
0.007600
0.007315
0.007963
