32.098318
36.285762
32.366868
36.031260
35.695886
35.921290
32.347831
35.163273
34.900286
34.539567
35.119934
32.683678
36.040597
35.873037
33.666052
35.527959
35.723179
34.161775
35.099096
35.633609
34.077549
34.012490
34.414667
35.901837
36.081343
32.149728
35.966446
33.512802
35.575235
35.934568
35.876368
35.545878
35.114804
35.932310
35.291721
35.672261
36.037849
36.074535
34.244408
32.677096
35.952691
32.304996
32.210055
36.036036
35.392400
35.746678
35.947000
35.852875
36.107629
35.920075
35.677923
35.084239
36.001731
32.394728
35.799376
32.152090
36.061219
36.144281
32.788666
35.004446
35.598522
33.594410
35.573754
35.813841
36.003714
35.583024
35.652712
35.311906
35.460720
34.956751
35.865790
36.163572
32.633578
34.388586
35.960516
35.741312
32.946798
35.562944
35.567273
35.164261
32.141349
35.570166
36.053916
35.479203
33.587539
36.204810
35.229673
32.417262
35.409076
34.868611
35.781703
35.834488
32.190176
35.890671
35.904379
35.922758
35.359084
35.506270
35.697361
36.082519
